1 0.114286 0.28629 0.0914286 0.120968
1 0.0942857 0.181452 0.0857143 0.120968
1 0.0485714 0.245968 0.0857143 0.104839
1 0.0514286 0.33871 0.08 0.129032
1 0.405714 0.181452 0.08 0.120968
1 0.445714 0.258065 0.08 0.112903
1 0.391429 0.310484 0.0857143 0.104839
1 0.42 0.383065 0.0742857 0.104839
1 0.485714 0.354839 0.08 0.0967742
1 0.454286 0.479839 0.0628571 0.104839
1 0.394286 0.508065 0.0685714 0.0967742
1 0.465714 0.544355 0.154286 0.137097
1 0.52 0.435484 0.0685714 0.0645161
1 0.54 0.467742 0.0742857 0.112903
1 0.531429 0.625 0.0571429 0.0887097
1 0.582857 0.633065 0.0685714 0.104839
1 0.477143 0.71371 0.0742857 0.104839
1 0.408571 0.721774 0.0857143 0.0725806
1 0.428571 0.78629 0.0685714 0.104839
1 0.634286 0.826613 0.08 0.104839
1 0.542857 0.846774 0.0685714 0.0967742
1 0.577143 0.879032 0.08 0.112903
1 0.508571 0.899194 0.0685714 0.0887097
1 0.52 0.762097 0.0685714 0.0887097
