1 0.180851 0.708333 0.140426 0.194444
1 0.265957 0.627778 0.174468 0.2
1 0.329787 0.761111 0.182979 0.166667
1 0.206383 0.536111 0.123404 0.161111
1 0.540426 0.683333 0.170213 0.2
1 0.53617 0.836111 0.187234 0.15
1 0.689362 0.569444 0.13617 0.194444
1 0.661702 0.736111 0.123404 0.194444
1 0.604255 0.455556 0.153191 0.177778
1 0.478723 0.35 0.165957 0.233333
1 0.4 0.291667 0.144681 0.205556
1 0.365957 0.469444 0.13617 0.183333
1 0.495745 0.522222 0.165957 0.166667
1 0.421277 0.666667 0.161702 0.222222
1 0.329787 0.108333 0.140426 0.172222
