1 0.64959 0.724044 0.127049 0.15847
1 0.512295 0.765027 0.106557 0.142077
1 0.520492 0.65847 0.0983607 0.114754
1 0.60041 0.612022 0.102459 0.120219
1 0.739754 0.612022 0.118852 0.142077
1 0.747951 0.70765 0.0860656 0.114754
1 0.612705 0.508197 0.0942623 0.131148
1 0.608607 0.404372 0.102459 0.0983607
1 0.54918 0.349727 0.106557 0.10929
1 0.471311 0.338798 0.0983607 0.120219
1 0.401639 0.379781 0.0901639 0.114754
1 0.442623 0.423497 0.0901639 0.114754
1 0.522541 0.469945 0.0942623 0.153005
1 0.430328 0.532787 0.122951 0.147541
1 0.434426 0.625683 0.0983607 0.125683
1 0.338115 0.636612 0.102459 0.125683
1 0.370902 0.699454 0.102459 0.0983607
1 0.336066 0.527322 0.0901639 0.0928962
1 0.315574 0.45082 0.0737705 0.0928962
1 0.245902 0.478142 0.0737705 0.0928962
1 0.180328 0.461749 0.0901639 0.0928962
1 0.122951 0.497268 0.0655738 0.0983607
1 0.17418 0.538251 0.0860656 0.103825
1 0.114754 0.612022 0.106557 0.10929
1 0.217213 0.581967 0.0737705 0.0819672
1 0.276639 0.554645 0.0778689 0.114754
1 0.834016 0.505464 0.0778689 0.103825
1 0.764344 0.530055 0.0860656 0.120219
1 0.690574 0.448087 0.0614754 0.0983607
1 0.67418 0.497268 0.0532787 0.0874317
1 0.645492 0.360656 0.0942623 0.120219
1 0.870902 0.653005 0.0860656 0.114754
1 0.895492 0.557377 0.0696721 0.0874317
1 0.817623 0.590164 0.0532787 0.0874317
