1 0.776423 0.313889 0.0650407 0.0833333
1 0.617886 0.416667 0.0569106 0.0777778
1 0.556911 0.541667 0.0650407 0.0722222
1 0.469512 0.505556 0.0528455 0.0666667
1 0.965447 0.961111 0.0609756 0.0777778
1 0.900407 0.672222 0.0528455 0.0666667
1 0.70122 0.636111 0.0447154 0.0611111
1 0.613821 0.833333 0.0650407 0.0777778
1 0.534553 0.725 0.0609756 0.0722222
1 0.426829 0.727778 0.0650407 0.0777778
1 0.229675 0.544444 0.0691057 0.0888889
1 0.276423 0.472222 0.0650407 0.0777778
1 0.054878 0.616667 0.0609756 0.0777778
1 0.239837 0.927778 0.0487805 0.0666667
