1 0.0930233 0.54 0.108527 0.14
1 0.215116 0.6675 0.120155 0.165
1 0.393411 0.675 0.127907 0.16
1 0.370155 0.59 0.135659 0.14
1 0.408915 0.525 0.104651 0.12
1 0.428295 0.4275 0.0968992 0.105
1 0.498062 0.5075 0.104651 0.155
1 0.49031 0.6325 0.0891473 0.155
1 0.579457 0.6725 0.120155 0.155
1 0.651163 0.8075 0.108527 0.145
1 0.782946 0.8175 0.131783 0.135
1 0.821705 0.73 0.116279 0.14
1 0.899225 0.65 0.108527 0.12
1 0.875969 0.5375 0.108527 0.135
1 0.782946 0.595 0.108527 0.12
1 0.71124 0.645 0.127907 0.12
1 0.697674 0.7275 0.131783 0.135
1 0.624031 0.555 0.124031 0.15
1 0.583333 0.45 0.120155 0.13
1 0.705426 0.5125 0.116279 0.145
1 0.753876 0.4825 0.0968992 0.135
