0 0.263113 0.243373 0.107727 0.115623
0 0.333615 0.362662 0.040045 0.058658
0 0.389735 0.534405 0.091371 0.088550
0 0.513254 0.471517 0.126340 0.115059
0 0.707558 0.551607 0.116751 0.098139
0 0.673153 0.294698 0.109983 0.105471
0 0.972927 0.314439 0.040609 0.045685
0 0.473491 0.283982 0.098703 0.106599
0 0.433164 0.256063 0.048505 0.071066
0 0.612239 0.626340 0.080654 0.088550
0 0.312465 0.620699 0.086858 0.080654
0 0.385223 0.663565 0.066554 0.069374
0 0.764805 0.924986 0.055274 0.062042
0 0.104343 0.380993 0.039481 0.034405
0 0.057812 0.385787 0.035533 0.029329
