0 0.656232 0.038635 0.035533 0.027637
0 0.697124 0.522843 0.034969 0.029329
0 0.722504 0.513818 0.030457 0.034969
0 0.692047 0.464749 0.034969 0.039481
0 0.637338 0.506486 0.031585 0.039481
0 0.657360 0.434292 0.035533 0.033841
0 0.534405 0.390581 0.077270 0.075014
0 0.511280 0.471517 0.064862 0.068810
0 0.541173 0.318387 0.080654 0.072758
0 0.455725 0.291596 0.086858 0.078962
0 0.371404 0.331077 0.071630 0.064298
0 0.422166 0.327975 0.046813 0.037789
0 0.414270 0.428370 0.094191 0.098703
0 0.287930 0.434574 0.029893 0.045685
0 0.258883 0.479413 0.037225 0.056402
0 0.366610 0.646926 0.047377 0.047377
0 0.412578 0.637338 0.045685 0.043993
0 0.327129 0.659616 0.028201 0.042301
0 0.496334 0.861534 0.045121 0.053582
0 0.732657 0.835025 0.039481 0.046813
0 0.683869 0.887479 0.028765 0.035533
0 0.710942 0.880429 0.023125 0.034969
0 0.016638 0.835871 0.027637 0.028201
0 0.013536 0.748167 0.021433 0.029893
0 0.047377 0.772702 0.022561 0.031585
0 0.011280 0.792442 0.014664 0.025945
