0 0.244219 0.124929 0.053017 0.045685
0 0.231810 0.158770 0.031585 0.032149
0 0.136774 0.138466 0.059222 0.055838
0 0.143824 0.222504 0.045121 0.060350
0 0.177101 0.231528 0.027073 0.037789
0 0.226170 0.271574 0.041737 0.050197
0 0.273830 0.250141 0.033277 0.031021
0 0.388607 0.265087 0.068810 0.069938
0 0.450649 0.200226 0.102651 0.109419
0 0.540609 0.249295 0.069374 0.073322
0 0.525381 0.328539 0.071630 0.062606
0 0.659334 0.223350 0.066554 0.067682
0 0.754089 0.326001 0.060914 0.069938
0 0.838691 0.124083 0.037225 0.040609
0 0.934574 0.129724 0.054146 0.063170
0 0.929216 0.453187 0.052453 0.049069
0 0.772420 0.433446 0.052453 0.052453
0 0.082628 0.510152 0.035533 0.025381
0 0.182459 0.514382 0.041173 0.031585
0 0.119571 0.586294 0.049633 0.031021
0 0.063452 0.556966 0.044557 0.035533
0 0.083474 0.638466 0.040609 0.034969
0 0.062606 0.708686 0.051889 0.069374
0 0.022279 0.711224 0.031021 0.039481
0 0.518613 0.563452 0.034405 0.043993
0 0.547659 0.627750 0.039481 0.040609
0 0.609419 0.659052 0.040045 0.041173
0 0.647490 0.634800 0.027073 0.029893
0 0.486464 0.635364 0.043429 0.045685
0 0.419910 0.592781 0.052453 0.056402
0 0.426114 0.641568 0.051325 0.037789
0 0.343486 0.650310 0.038353 0.039481
0 0.227580 0.729554 0.038917 0.045685
0 0.284264 0.728708 0.041737 0.033841
0 0.550479 0.865764 0.058658 0.067682
0 0.543429 0.807107 0.058094 0.036097
0 0.605189 0.843204 0.041737 0.090243
0 0.642978 0.895939 0.057530 0.058094
0 0.631416 0.936830 0.058094 0.051889
0 0.745629 0.894811 0.030457 0.043429
0 0.794134 0.762267 0.039481 0.036661
0 0.332205 0.584038 0.053017 0.055838
0 0.266779 0.632826 0.071066 0.062042
0 0.283418 0.682177 0.033277 0.031021
0 0.227298 0.633108 0.039481 0.063734
