0 0.820925 0.114213 0.032149 0.036661 
0 0.850254 0.108855 0.018613 0.033841 
0 0.794134 0.113085 0.024817 0.043429 
0 0.684151 0.009870 0.036097 0.018613 
0 0.629160 0.043147 0.040045 0.040045 
0 0.600959 0.035533 0.040045 0.039481 
0 0.501974 0.021151 0.032713 0.027637 
0 0.318951 0.080090 0.033277 0.036097 
0 0.274958 0.100395 0.043429 0.043993 
0 0.388889 0.395093 0.056966 0.055838 
0 0.308517 0.426678 0.067682 0.059222 
0 0.785956 0.505922 0.025381 0.039481 
0 0.950931 0.657078 0.036097 0.037225 
0 0.769036 0.108573 0.017484 0.032149 
0 0.565144 0.027073 0.033841 0.034969 
0 0.538635 0.067118 0.033841 0.049633 
0 0.507050 0.076706 0.021433 0.032713 
0 0.387479 0.149182 0.030457 0.040045 
0 0.314721 0.144952 0.036097 0.040609 
0 0.257473 0.073886 0.026509 0.028201 
0 0.570220 0.238861 0.036097 0.029893 
0 0.501410 0.252679 0.018049 0.030457 
0 0.549351 0.273266 0.041737 0.035533 
0 0.967569 0.235759 0.023125 0.019177 
0 0.987028 0.199662 0.020305 0.022561 
0 0.959109 0.373096 0.021997 0.017484 
0 0.954597 0.615341 0.024253 0.023689 
0 0.973773 0.601805 0.026509 0.034969 
0 0.905809 0.605753 0.029329 0.032713 
0 0.712070 0.560350 0.032149 0.037789 
0 0.741117 0.571912 0.019177 0.024817 
0 0.660180 0.562042 0.031021 0.034405 
0 0.439650 0.422448 0.027637 0.024817 
0 0.318669 0.311901 0.051889 0.051889 
0 0.363508 0.443880 0.038917 0.038353 
0 0.350818 0.481951 0.040609 0.028765 
0 0.305415 0.465877 0.054710 0.036097 
0 0.572194 0.802594 0.031021 0.047377 
0 0.598985 0.825437 0.031585 0.032149 
0 0.579526 0.977721 0.038917 0.032149 
0 0.540045 0.976593 0.026509 0.037789 
0 0.470389 0.443598 0.059786 0.018613 
0 0.647490 0.177383 0.027073 0.036661 
0 0.604625 0.121545 0.036097 0.034405 
0 0.612239 0.080090 0.033277 0.029329 
0 0.012126 0.016638 0.019741 0.032149 
