0 0.084602 0.089114 0.024817 0.028201
0 0.028765 0.078398 0.029329 0.023689
0 0.040045 0.110829 0.023689 0.028765
0 0.031867 0.154258 0.026509 0.023125
0 0.253243 0.137338 0.031585 0.028765
0 0.286802 0.103497 0.020869 0.017484
0 0.273830 0.164975 0.021997 0.026509
0 0.117879 0.303723 0.047377 0.042301
0 0.161591 0.368584 0.038917 0.026509
0 0.230682 0.357022 0.038353 0.037225
0 0.337281 0.318387 0.029329 0.034405
0 0.287084 0.316695 0.027073 0.028765
0 0.412296 0.312183 0.033841 0.036661
0 0.430908 0.290468 0.034969 0.040609
0 0.468979 0.234067 0.044557 0.039481
0 0.423012 0.198816 0.046249 0.052453
0 0.450367 0.123519 0.042301 0.042865
0 0.377045 0.130570 0.026509 0.036661
0 0.404681 0.131134 0.025381 0.036661
0 0.368020 0.110265 0.025381 0.029893
0 0.411732 0.016356 0.030457 0.027073
0 0.585730 0.044557 0.028765 0.029329
0 0.612521 0.054992 0.028201 0.040045
0 0.676819 0.063170 0.029329 0.039481
0 0.729272 0.059222 0.032713 0.033841
0 0.862380 0.075860 0.047377 0.054710
0 0.822617 0.107163 0.024253 0.031585
0 0.817823 0.133672 0.039481 0.036097
0 0.793288 0.253807 0.051325 0.055274
0 0.645516 0.332487 0.052453 0.055838
0 0.731810 0.353356 0.064862 0.076142
0 0.783982 0.428652 0.060914 0.066554
0 0.829667 0.467851 0.056402 0.060350
0 0.719120 0.478849 0.040609 0.043993
0 0.984490 0.573040 0.029893 0.063170
0 0.954033 0.618443 0.046813 0.044557
0 0.878737 0.645516 0.045121 0.046813
0 0.899605 0.717992 0.053017 0.051889
0 0.513254 0.580090 0.056402 0.065990
0 0.516074 0.637902 0.059786 0.064298
0 0.603497 0.569938 0.050761 0.044557
0 0.216018 0.584038 0.075578 0.085166
0 0.033841 0.827411 0.036097 0.056402
0 0.824309 0.880993 0.040045 0.050761
0 0.919910 0.878173 0.049633 0.042865
0 0.109419 0.624647 0.040609 0.044557
0 0.069374 0.685843 0.048505 0.054146
0 0.496334 0.890581 0.042865 0.049633
0 0.476311 0.181895 0.059222 0.064862
0 0.266779 0.563170 0.058658 0.073886
0 0.065990 0.124929 0.028201 0.033277
0 0.363508 0.701072 0.041173 0.043993
0 0.161309 0.589961 0.047377 0.057530
