0 0.148618 0.065990 0.036661 0.034969 
0 0.012126 0.129160 0.020869 0.047377 
0 0.862098 0.118443 0.037789 0.031585 
0 0.945290 0.145516 0.030457 0.034969 
0 0.892837 0.182741 0.031585 0.027073 
0 0.842640 0.170615 0.033841 0.031021 
0 0.764523 0.152002 0.024253 0.019741 
0 0.703328 0.182459 0.034969 0.041173 
0 0.735759 0.254089 0.032149 0.033277 
0 0.677665 0.230118 0.031021 0.028201 
0 0.624647 0.236041 0.038917 0.036661 
0 0.695995 0.278060 0.031585 0.039481 
0 0.964467 0.251269 0.027073 0.027637 
0 0.990412 0.236323 0.013536 0.036097 
0 0.991258 0.279752 0.015228 0.028201 
0 0.521715 0.326847 0.039481 0.033277 
0 0.413706 0.379865 0.055838 0.046813 
0 0.458545 0.425832 0.073322 0.072194 
0 0.556120 0.499718 0.073322 0.063170 
0 0.456289 0.508178 0.058658 0.064298 
0 0.350254 0.492104 0.073322 0.062606 
0 0.843768 0.624365 0.045121 0.048505 
0 0.877327 0.661591 0.034405 0.036097 
0 0.927242 0.663001 0.046249 0.067118 
0 0.968979 0.617033 0.041737 0.040609 
0 0.921602 0.962493 0.064298 0.070502 
0 0.981669 0.978849 0.034405 0.034405 
0 0.916526 0.879583 0.063170 0.042301 
0 0.138184 0.857868 0.053017 0.055274 
0 0.189227 0.961083 0.069374 0.056402 
0 0.694585 0.961083 0.047941 0.055274 
0 0.769036 0.418218 0.023125 0.033277 
0 0.734913 0.315003 0.031585 0.041173 
