0 0.024535 0.020587 0.044557 0.035533 
0 0.324591 0.030175 0.028765 0.043429 
0 0.355894 0.153694 0.037225 0.029893 
0 0.434010 0.199944 0.036661 0.049069 
0 0.259729 0.247039 0.033277 0.031585 
0 0.072476 0.234913 0.043429 0.051325 
0 0.022843 0.199380 0.042301 0.060350 
0 0.146644 0.129442 0.025945 0.029893 
0 0.103497 0.297236 0.026509 0.027073 
0 0.271292 0.344614 0.025945 0.032713 
0 0.362098 0.302312 0.034969 0.033841 
0 0.500846 0.276086 0.083474 0.071630 
0 0.468133 0.342358 0.059786 0.057530 
0 0.478567 0.414552 0.053582 0.054146 
0 0.397349 0.435702 0.077270 0.062606 
0 0.498026 0.501974 0.068810 0.068810 
0 0.597575 0.367738 0.088550 0.084602 
0 0.710660 0.349972 0.078962 0.058094 
0 0.681895 0.474619 0.078962 0.076142 
0 0.625776 0.570220 0.072758 0.074450 
0 0.742809 0.091089 0.055274 0.058094 
0 0.835871 0.086294 0.049633 0.042865 
0 0.800338 0.136210 0.036097 0.046813 
0 0.728708 0.190073 0.032713 0.047377 
0 0.676255 0.132544 0.036097 0.049633 
0 0.720530 0.135928 0.035533 0.040609 
0 0.977721 0.288212 0.036661 0.058658 
0 0.834461 0.340384 0.035533 0.020869 
0 0.742527 0.618161 0.065990 0.075578 
0 0.786238 0.699662 0.043993 0.053582 
0 0.825719 0.711506 0.023689 0.043429 
0 0.603215 0.725888 0.051325 0.053017 
0 0.472363 0.668077 0.060350 0.075014 
0 0.924986 0.766779 0.053017 0.062606 
0 0.908629 0.841512 0.064298 0.072194 
0 0.983644 0.874224 0.027073 0.076706 
0 0.018049 0.711788 0.031585 0.050761 
0 0.333051 0.298646 0.019741 0.023125 
