0 0.805697 0.107445 0.097575 0.091935 
0 0.665257 0.053299 0.085166 0.093063 
0 0.669769 0.178511 0.109983 0.107727 
0 0.545121 0.216582 0.107727 0.094755 
0 0.376763 0.162155 0.080090 0.073886 
0 0.349690 0.278906 0.099267 0.089679 
0 0.684715 0.419346 0.104907 0.095319 
0 0.758883 0.456853 0.084038 0.120699 
0 0.471799 0.325437 0.065990 0.062042 
0 0.555274 0.632826 0.075014 0.086858 
0 0.592781 0.675409 0.058658 0.067118 
0 0.476029 0.683305 0.091371 0.093063 
0 0.341794 0.584320 0.054146 0.078962 
0 0.709532 0.723350 0.108291 0.126904 
0 0.854766 0.774112 0.093063 0.078398 
0 0.858432 0.696560 0.046249 0.038353 
0 0.090807 0.774958 0.091371 0.082346 
0 0.062888 0.835025 0.091935 0.064862 
0 0.158206 0.901861 0.087422 0.067682 
0 0.109983 0.926114 0.043993 0.033841 
0 0.086294 0.860688 0.047377 0.030457 
