0 0.760857 0.025663 0.028201 0.029893 
0 0.845460 0.194303 0.034969 0.035533 
0 0.936830 0.232939 0.039481 0.038353 
0 0.935984 0.183023 0.035533 0.029893 
0 0.983926 0.212916 0.021997 0.036661 
0 0.728144 0.406937 0.037225 0.047941 
0 0.675409 0.513818 0.079526 0.077834 
0 0.707276 0.479131 0.032713 0.036661 
0 0.690919 0.556402 0.063170 0.033277 
0 0.575578 0.501410 0.065990 0.056402 
0 0.604625 0.539763 0.049633 0.049633 
0 0.527355 0.546813 0.081218 0.097575 
0 0.472927 0.530175 0.034405 0.046249 
0 0.424704 0.527073 0.043993 0.037789 
0 0.367174 0.471235 0.046249 0.056966 
0 0.289340 0.463903 0.055274 0.047941 
0 0.316131 0.543429 0.056966 0.059222 
0 0.252961 0.516920 0.056966 0.045685 
0 0.287366 0.591653 0.043429 0.040609 
0 0.197970 0.428652 0.060914 0.063170 
0 0.247885 0.633672 0.027637 0.033277 
0 0.153130 0.702764 0.029893 0.034969 
0 0.144670 0.668077 0.040045 0.031021 
0 0.078116 0.794134 0.040045 0.041737 
0 0.395093 0.899605 0.036661 0.032713 
