0 0.424422 0.056684 0.063734 0.060350
0 0.493514 0.077834 0.056402 0.056402
0 0.500564 0.128878 0.047941 0.049069
0 0.402707 0.141850 0.065426 0.058094
0 0.344614 0.087986 0.059786 0.059786
0 0.333333 0.169769 0.048505 0.041737
0 0.402707 0.189791 0.059786 0.044557
0 0.496616 0.197688 0.069374 0.067118
0 0.366328 0.207558 0.061478 0.049633
0 0.438522 0.252679 0.056966 0.055274
0 0.502538 0.267625 0.051889 0.053582
0 0.467287 0.329667 0.058094 0.056966
0 0.395657 0.357868 0.045685 0.045685
0 0.339255 0.318669 0.063734 0.060914
0 0.360688 0.258319 0.053582 0.048505
0 0.381275 0.543147 0.084602 0.084602
0 0.461365 0.521997 0.062042 0.071630
0 0.363790 0.455725 0.066554 0.054146
0 0.265369 0.503384 0.071630 0.071630
0 0.310773 0.620417 0.075578 0.067682
0 0.397349 0.626340 0.070502 0.071630
0 0.588550 0.733503 0.046813 0.038917
0 0.631134 0.532149 0.056402 0.054710
0 0.723914 0.487592 0.052453 0.046813
0 0.717710 0.581500 0.059222 0.055274
0 0.573604 0.798364 0.042865 0.036661
0 0.932036 0.816131 0.062606 0.059786
0 0.981387 0.891427 0.037225 0.082910
0 0.930062 0.911732 0.086858 0.085166
0 0.843486 0.844050 0.060350 0.061478
0 0.836999 0.919628 0.069938 0.071630
0 0.716018 0.983644 0.044557 0.030457
0 0.561760 0.976875 0.060914 0.043993
0 0.984490 0.772138 0.026509 0.066554
