0 0.519459 0.032431 0.034969 0.033277
0 0.940214 0.162155 0.040609 0.037789
0 0.091089 0.036379 0.034405 0.033277
0 0.111393 0.014382 0.032149 0.027637
0 0.481669 0.299774 0.106035 0.100959
0 0.505640 0.388043 0.080654 0.077834
0 0.366892 0.463621 0.082910 0.078962
0 0.369148 0.544275 0.079526 0.069938
0 0.307671 0.362098 0.082910 0.083474
0 0.228426 0.513536 0.087986 0.088550
0 0.699098 0.690355 0.080654 0.099267
0 0.920192 0.601805 0.067118 0.076706
0 0.976029 0.563170 0.037789 0.094191
0 0.968133 0.498590 0.062606 0.050761
