0 0.135646 0.224196 0.036661 0.032149
0 0.104625 0.257191 0.038917 0.032713
0 0.148336 0.273548 0.040609 0.034969
0 0.217710 0.255217 0.016920 0.020869
0 0.197124 0.332487 0.028765 0.035533
0 0.125212 0.447547 0.000000 0.000564
0 0.094191 0.366610 0.020305 0.022561
0 0.273830 0.426960 0.024253 0.020305
0 0.392837 0.256627 0.073886 0.087986
0 0.539763 0.170333 0.039481 0.038353
0 0.507896 0.204738 0.037789 0.038353
0 0.505640 0.261985 0.033277 0.038917
0 0.547095 0.236323 0.028201 0.036097
0 0.555838 0.279470 0.034405 0.037789
0 0.455443 0.345178 0.078398 0.083474
0 0.540327 0.406091 0.074450 0.068810
0 0.512126 0.444444 0.071066 0.056402
0 0.444726 0.506768 0.070502 0.079526
0 0.537789 0.538917 0.070502 0.069374
0 0.785392 0.366892 0.043429 0.040045
0 0.868584 0.382403 0.037225 0.023689
0 0.875071 0.415962 0.037789 0.038917
0 0.859278 0.458263 0.041173 0.033277
0 0.738297 0.434856 0.038353 0.033841
0 0.753243 0.471799 0.042301 0.028765
0 0.328257 0.700226 0.076706 0.065990
0 0.310773 0.829949 0.053017 0.044557
0 0.150874 0.835307 0.041173 0.046249
0 0.094755 0.765933 0.054146 0.054146
0 0.554992 0.864072 0.065426 0.064298
0 0.671743 0.823745 0.055274 0.058094
0 0.455725 0.268754 0.021433 0.023125
