0 0.170051 0.032995 0.050197 0.058094 
0 0.223632 0.059222 0.047941 0.055274 
0 0.288212 0.055838 0.064298 0.074450 
0 0.252115 0.018895 0.060914 0.032149 
0 0.459391 0.023125 0.068246 0.045121 
0 0.578962 0.050197 0.064862 0.073322 
0 0.613367 0.104343 0.058094 0.081218 
0 0.697124 0.019741 0.076706 0.033841 
0 0.186407 0.196842 0.043429 0.043993 
0 0.227016 0.274958 0.038917 0.037789 
0 0.210942 0.420474 0.094755 0.091935 
0 0.413988 0.430062 0.099267 0.079526 
0 0.216582 0.485900 0.060914 0.050197 
0 0.275522 0.572194 0.089679 0.130288 
0 0.364636 0.615059 0.075014 0.096447 
0 0.424140 0.623801 0.056402 0.086858 
0 0.389735 0.538635 0.091371 0.084602 
0 0.452341 0.518331 0.059786 0.069938 
