0 0.069938 0.027919 0.036097 0.029893 
0 0.020587 0.066272 0.031021 0.034405 
0 0.014382 0.109983 0.027637 0.032713 
0 0.110265 0.092217 0.049069 0.037789 
0 0.208122 0.043429 0.036097 0.037225 
0 0.250705 0.039481 0.038917 0.047377 
0 0.198534 0.010998 0.050761 0.020869 
0 0.116187 0.209250 0.024817 0.019177 
0 0.216582 0.200226 0.036097 0.030457 
0 0.271574 0.157642 0.036661 0.029893 
0 0.263113 0.194585 0.038917 0.027073 
0 0.275240 0.238579 0.042865 0.031585 
0 0.955443 0.051043 0.029329 0.031021 
0 0.976311 0.039763 0.020305 0.033277 
0 0.988438 0.014946 0.021997 0.024253 
0 0.967851 0.084038 0.033841 0.034969 
0 0.528765 0.386069 0.062606 0.061478 
0 0.563452 0.428652 0.047377 0.049633 
0 0.630006 0.438804 0.053017 0.051889 
0 0.620699 0.383531 0.055838 0.053017 
0 0.467569 0.360688 0.047377 0.052453 
0 0.466723 0.414834 0.052453 0.045685 
0 0.522843 0.444444 0.032713 0.034969 
0 0.484772 0.445290 0.033277 0.025381 
0 0.558940 0.499154 0.027073 0.029329 
0 0.524253 0.524535 0.036661 0.038353 
0 0.507050 0.535815 0.019177 0.029329 
0 0.481105 0.539481 0.025945 0.035533 
0 0.263677 0.532431 0.032149 0.028201 
0 0.203610 0.538353 0.028201 0.028765 
0 0.238579 0.566554 0.023689 0.025381 
0 0.269318 0.571630 0.018613 0.020869 
0 0.275522 0.643824 0.024253 0.031021 
0 0.249295 0.649182 0.030457 0.027073 
0 0.148900 0.561760 0.030457 0.038353 
0 0.180767 0.568528 0.025381 0.025945 
0 0.158206 0.638748 0.021997 0.026509 
0 0.121827 0.596447 0.028201 0.026509 
0 0.113367 0.646080 0.024817 0.026509 
0 0.064298 0.609137 0.030457 0.027073 
0 0.087422 0.589679 0.028201 0.025381 
0 0.579244 0.507050 0.015792 0.032713 
0 0.428088 0.813875 0.046249 0.037225 
0 0.388607 0.865482 0.041737 0.045685 
0 0.256345 0.807389 0.052453 0.037789 
0 0.262267 0.866892 0.054146 0.054146 
0 0.225888 0.887197 0.023125 0.039481 
0 0.321489 0.930062 0.038353 0.057530 
0 0.046813 0.981951 0.045121 0.031585 
0 0.611675 0.963339 0.023125 0.028201 
0 0.496334 0.483926 0.036097 0.028201 
