0 0.838409 0.060350 0.023125 0.036097 
0 0.861534 0.060068 0.011844 0.026509 
0 0.880711 0.063452 0.028765 0.027637 
0 0.947547 0.161027 0.027073 0.035533 
0 0.966159 0.190919 0.021433 0.028765 
0 0.562324 0.016638 0.037225 0.027637 
0 0.495206 0.045685 0.043993 0.040609 
0 0.689509 0.148336 0.056966 0.060914 
0 0.684715 0.224760 0.049633 0.052453 
0 0.757473 0.280598 0.057530 0.059222 
0 0.794134 0.273266 0.020305 0.049069 
0 0.145798 0.113085 0.042301 0.047941 
0 0.184151 0.154540 0.044557 0.058658 
0 0.397913 0.276368 0.042301 0.045121 
0 0.342358 0.350818 0.054146 0.057530 
0 0.385223 0.371686 0.036097 0.041737 
0 0.203046 0.363226 0.042865 0.039481 
0 0.164975 0.356740 0.025381 0.045685 
0 0.083756 0.307953 0.046813 0.051889 
0 0.072194 0.254089 0.053017 0.042301 
0 0.456571 0.315849 0.051325 0.033841 
0 0.537507 0.293852 0.036097 0.039481 
0 0.528765 0.357586 0.041173 0.054146 
0 0.496616 0.361252 0.046813 0.067118 
0 0.523971 0.155104 0.037225 0.038353 
0 0.450931 0.235477 0.049069 0.031021 
0 0.587422 0.266215 0.059222 0.075578 
0 0.519459 0.095883 0.046249 0.027073 
0 0.668641 0.457135 0.037789 0.040045 
0 0.774958 0.437112 0.045121 0.055274 
0 0.947265 0.551043 0.059222 0.066554 
0 0.968133 0.621545 0.042301 0.037225 
0 0.885787 0.598703 0.054710 0.056966 
0 0.642132 0.554992 0.045685 0.041737 
0 0.593627 0.590243 0.036661 0.027637 
0 0.336153 0.549633 0.033841 0.034405 
0 0.293006 0.547659 0.054710 0.053017 
0 0.169487 0.557812 0.043429 0.037225 
0 0.093909 0.600113 0.052453 0.047377 
0 0.033841 0.582910 0.059786 0.069374 
0 0.981669 0.789904 0.016356 0.020869 
0 0.944726 0.792442 0.020305 0.015792 
0 0.892273 0.858996 0.018049 0.021433 
0 0.919628 0.876481 0.019741 0.018049 
0 0.687535 0.974337 0.029329 0.032149 
0 0.652848 0.920192 0.033277 0.037789 
0 0.598703 0.888325 0.037789 0.041737 
0 0.696560 0.730400 0.049633 0.055274 
0 0.630288 0.734913 0.051325 0.056402 
0 0.631698 0.811055 0.051889 0.050761 
0 0.595601 0.775522 0.050761 0.054146 
0 0.494642 0.866046 0.043993 0.038917 
0 0.320925 0.910603 0.039481 0.037789 
0 0.324591 0.875635 0.040045 0.033277 
0 0.230400 0.849408 0.032149 0.047377 
0 0.167795 0.750987 0.041173 0.032149 
0 0.180767 0.792724 0.054710 0.052453 
0 0.630570 0.237733 0.021433 0.034405 
