0 0.958545 0.107727 0.069374 0.102651 
0 0.923294 0.208122 0.066554 0.087986 
0 0.930062 0.241117 0.060914 0.071630 
0 0.934574 0.033277 0.037225 0.037225 
0 0.770164 0.090243 0.031021 0.043993 
0 0.257191 0.168923 0.027073 0.025381 
0 0.484490 0.238579 0.024817 0.032713 
0 0.452623 0.274958 0.033277 0.037789 
0 0.267343 0.353356 0.056402 0.053582 
0 0.209250 0.361534 0.043993 0.039481 
0 0.349690 0.424704 0.058658 0.058658 
0 0.438240 0.383813 0.063170 0.069374 
0 0.417654 0.424140 0.050197 0.064298 
0 0.513536 0.446136 0.040045 0.056402 
0 0.480823 0.354766 0.036661 0.064298 
0 0.478567 0.638184 0.060350 0.076142 
0 0.540045 0.661591 0.053582 0.068810 
0 0.387479 0.651438 0.075578 0.083474 
0 0.414552 0.717992 0.056402 0.057530 
0 0.342922 0.670897 0.031585 0.058094 
0 0.898195 0.918218 0.050197 0.045121 
0 0.683587 0.963903 0.076706 0.055274 
