0 0.509306 0.182741 0.058658 0.068810
0 0.362944 0.242527 0.065990 0.062042
0 0.213480 0.264805 0.061478 0.045685
0 0.302594 0.347152 0.069374 0.059222
0 0.196842 0.316131 0.063170 0.061478
0 0.249859 0.368020 0.033841 0.033277
0 0.485900 0.438240 0.044557 0.046249
0 0.529611 0.500000 0.051889 0.052453
0 0.282854 0.445854 0.038917 0.037789
0 0.298928 0.388607 0.056402 0.025945
0 0.299492 0.417090 0.053017 0.020869
0 0.398759 0.399323 0.043993 0.042865
0 0.253243 0.517484 0.040609 0.041173
0 0.377891 0.589397 0.049633 0.059786
0 0.340384 0.688663 0.038917 0.049633
0 0.415680 0.655668 0.029329 0.029893
0 0.586858 0.643824 0.055838 0.045685
0 0.561478 0.740271 0.035533 0.042301
0 0.661309 0.840948 0.053582 0.055274
0 0.575860 0.893119 0.038353 0.035533
0 0.518331 0.783700 0.025945 0.026509
0 0.432036 0.819515 0.037225 0.039481
0 0.459955 0.750705 0.025381 0.036097
0 0.745629 0.853920 0.025945 0.030457
0 0.615059 0.726734 0.037789 0.042301
0 0.675973 0.801748 0.043429 0.026509
0 0.884095 0.232657 0.020869 0.019741
0 0.973209 0.245347 0.027637 0.028201
0 0.609137 0.166103 0.025945 0.017484
0 0.580090 0.137902 0.026509 0.024253
0 0.778906 0.104061 0.025945 0.027637
0 0.588268 0.075296 0.021433 0.023125
0 0.554992 0.048787 0.027073 0.033277
0 0.525663 0.020023 0.021433 0.018613
0 0.522279 0.060350 0.025945 0.029329
0 0.777496 0.040045 0.023125 0.023689
0 0.831077 0.074732 0.020869 0.029893
0 0.932036 0.196277 0.028765 0.032713
0 0.963621 0.172589 0.032149 0.033841
0 0.674845 0.038071 0.025381 0.021997
0 0.846870 0.031585 0.029893 0.029329
0 0.042301 0.341512 0.022561 0.020869
