0 0.586294 0.022561 0.035533 0.041737 
0 0.543993 0.095037 0.035533 0.040045 
0 0.513818 0.142696 0.031585 0.039481 
0 0.485054 0.063734 0.029329 0.023689 
0 0.288212 0.236605 0.018049 0.028765 
0 0.129442 0.316413 0.024253 0.031585 
0 0.027355 0.310491 0.027637 0.032149 
0 0.831077 0.008742 0.047941 0.016356 
0 0.895939 0.039199 0.036661 0.037789 
0 0.921038 0.076988 0.045121 0.035533 
0 0.867174 0.135928 0.038917 0.047377 
0 0.536661 0.278342 0.042301 0.051325 
0 0.448957 0.241399 0.058658 0.053017 
0 0.446983 0.327693 0.046813 0.047377 
0 0.509588 0.307953 0.036661 0.040609 
0 0.590243 0.354202 0.050197 0.053017 
0 0.658488 0.451213 0.052453 0.054146 
0 0.694867 0.457699 0.021433 0.047941 
0 0.524535 0.423012 0.059786 0.062042 
0 0.434856 0.459955 0.064298 0.046813 
0 0.427524 0.516920 0.056402 0.053582 
0 0.461365 0.547095 0.048505 0.059786 
0 0.540609 0.557812 0.061478 0.068810 
0 0.753243 0.628596 0.051325 0.051325 
0 0.732939 0.598703 0.043429 0.040045 
0 0.481951 0.655950 0.041173 0.047377 
0 0.461929 0.691201 0.039481 0.042301 
0 0.428370 0.632262 0.029893 0.030457 
0 0.604625 0.701636 0.029329 0.036097 
0 0.223632 0.612239 0.034405 0.045685 
0 0.300056 0.904963 0.051889 0.051325 
0 0.314721 0.961083 0.037225 0.048505 
0 0.171461 0.899041 0.049633 0.040609 
0 0.204174 0.979131 0.045121 0.041737 
0 0.248731 0.990694 0.043993 0.018613 
0 0.608291 0.439368 0.038917 0.034969 
0 0.077270 0.432318 0.037225 0.026509 
0 0.111393 0.427524 0.019741 0.027073 
