0 0.496334 0.045121 0.028201 0.033841
0 0.469261 0.078398 0.021433 0.025945
0 0.466159 0.162437 0.026509 0.031585
0 0.655104 0.143542 0.045685 0.035533
0 0.601241 0.256627 0.025945 0.024817
0 0.862662 0.185843 0.047941 0.046813
0 0.910886 0.182741 0.034969 0.036097
0 0.917372 0.234631 0.037789 0.034969
0 0.822053 0.232375 0.036661 0.033841
0 0.869148 0.306825 0.042865 0.030457
0 0.926960 0.373378 0.040045 0.036097
0 0.553864 0.280880 0.030457 0.029329
0 0.480259 0.281726 0.049069 0.054710
0 0.350536 0.138184 0.029893 0.030457
0 0.326283 0.156514 0.032149 0.031021
0 0.538635 0.338127 0.047377 0.045685
0 0.457981 0.377045 0.043993 0.046813
0 0.417654 0.320361 0.049069 0.047377
0 0.397631 0.363508 0.050761 0.036661
0 0.604061 0.423012 0.037225 0.039481
0 0.458827 0.458827 0.085166 0.080654
0 0.534405 0.527919 0.028765 0.059786
0 0.342076 0.450649 0.086294 0.074450
0 0.519177 0.639876 0.071630 0.099831
0 0.397631 0.710378 0.056402 0.069374
0 0.456289 0.736887 0.027073 0.046813
0 0.519177 0.860406 0.058094 0.071630
0 0.443034 0.263677 0.028765 0.035533
