0 0.014664 0.100395 0.025945 0.021433
0 0.042865 0.121545 0.029329 0.027637
0 0.103497 0.181331 0.014100 0.016356
0 0.117597 0.201918 0.021997 0.018049
0 0.057812 0.256063 0.024253 0.018049
0 0.055274 0.282290 0.021433 0.020869
0 0.009588 0.278060 0.018049 0.020305
0 0.012126 0.253243 0.019741 0.015792
0 0.036661 0.240835 0.016920 0.009024
0 0.031585 0.322335 0.022561 0.020869
0 0.030457 0.347434 0.023689 0.025945
0 0.100395 0.378455 0.033841 0.032713
0 0.064580 0.372814 0.027637 0.019177
0 0.071348 0.452905 0.031021 0.031585
0 0.231246 0.027355 0.016920 0.019741
0 0.255499 0.020869 0.019177 0.016920
0 0.212352 0.033277 0.021997 0.019177
0 0.185279 0.063170 0.023125 0.021433
0 0.183305 0.086576 0.020305 0.019741
0 0.216018 0.122673 0.023689 0.021997
0 0.213762 0.085730 0.024817 0.022561
0 0.225042 0.069374 0.020305 0.019177
0 0.271292 0.054992 0.029329 0.026509
0 0.287366 0.071066 0.015228 0.022561
0 0.312183 0.083756 0.027637 0.031021
0 0.327693 0.064298 0.023689 0.028201
0 0.264805 0.085730 0.029893 0.022561
0 0.243655 0.086294 0.018049 0.020305
0 0.249577 0.110265 0.026509 0.023125
0 0.368302 0.072194 0.027073 0.029329
0 0.349972 0.078116 0.016356 0.025381
0 0.390017 0.032995 0.036661 0.028765
0 0.443316 0.070220 0.025945 0.028765
0 0.444162 0.102651 0.023125 0.021433
0 0.468697 0.077834 0.028201 0.030457
0 0.516638 0.073886 0.019177 0.027073
0 0.589114 0.126904 0.015228 0.020305
0 0.612239 0.103779 0.021997 0.020305
0 0.617033 0.133672 0.015792 0.020305
0 0.641286 0.139876 0.019177 0.023689
0 0.636210 0.119007 0.016920 0.016920
0 0.653130 0.113085 0.021433 0.025381
0 0.676537 0.099267 0.024253 0.022561
0 0.762549 0.091935 0.039481 0.043993
0 0.795262 0.096729 0.022561 0.034405
0 0.769882 0.130852 0.032713 0.033841
0 0.713198 0.117597 0.036661 0.035533
0 0.728708 0.097011 0.028201 0.020305
0 0.707276 0.156232 0.027073 0.036097
0 0.735477 0.178793 0.023689 0.021433
0 0.792160 0.185279 0.027637 0.029893
0 0.718556 0.253807 0.032713 0.023689
0 0.656514 0.203328 0.019177 0.023125
0 0.391709 0.142696 0.024253 0.018049
0 0.384377 0.165539 0.025381 0.016356
0 0.558376 0.231246 0.038353 0.045121
0 0.585166 0.295544 0.058094 0.057530
0 0.496898 0.197970 0.058658 0.063170
0 0.499718 0.284546 0.053017 0.052453
0 0.385787 0.287084 0.057530 0.057530
0 0.380711 0.337563 0.045121 0.045685
0 0.441060 0.190637 0.056402 0.059786
0 0.402989 0.195431 0.038917 0.050197
0 0.344050 0.225888 0.022561 0.023125
0 0.312465 0.234349 0.019177 0.026509
0 0.236041 0.226170 0.028765 0.030457
0 0.216300 0.201072 0.026509 0.023125
0 0.210378 0.250987 0.028201 0.030457
0 0.193457 0.225606 0.029329 0.024817
0 0.192893 0.252115 0.018049 0.021433
0 0.533559 0.194867 0.020305 0.041173
0 0.983080 0.382967 0.033841 0.041737
0 0.021997 0.492386 0.033841 0.025945
0 0.069374 0.503384 0.030457 0.026509
0 0.138184 0.518895 0.037225 0.025945
0 0.027355 0.664129 0.029893 0.028765
0 0.020023 0.697124 0.029893 0.030457
0 0.431472 0.428652 0.047377 0.037225
0 0.445854 0.458827 0.044557 0.018613
0 0.483644 0.479131 0.065990 0.056966
0 0.445290 0.495770 0.031021 0.028201
0 0.404399 0.503102 0.037225 0.032713
0 0.422166 0.535251 0.028765 0.029329
0 0.497462 0.543993 0.064298 0.060350
0 0.456571 0.532431 0.028765 0.027073
0 0.465313 0.560914 0.023689 0.037789
0 0.610265 0.453751 0.059786 0.042301
0 0.587704 0.492104 0.058658 0.061478
0 0.628032 0.495206 0.019741 0.038353
0 0.563452 0.557248 0.055274 0.048505
0 0.614495 0.598703 0.046813 0.050197
0 0.654258 0.542019 0.053017 0.060914
0 0.682459 0.526227 0.046249 0.056402
0 0.673435 0.589114 0.056402 0.050197
0 0.627186 0.654822 0.047377 0.049633
0 0.584884 0.691483 0.062042 0.060914
0 0.492104 0.637902 0.071630 0.067682
0 0.499718 0.695995 0.051889 0.043993
0 0.443316 0.732657 0.048505 0.049633
0 0.408629 0.676255 0.050197 0.056402
0 0.566554 0.820361 0.037789 0.042301
0 0.735759 0.914552 0.031021 0.032149
0 0.754371 0.939650 0.027637 0.028201
0 0.769882 0.890299 0.029329 0.032149
0 0.888889 0.911450 0.041737 0.037225
0 0.908629 0.951777 0.038353 0.038917
0 0.935420 0.933164 0.033277 0.038917
0 0.969543 0.934010 0.033841 0.043993
