0 0.327411 0.043993 0.036661 0.043993
0 0.330513 0.154822 0.056402 0.052453
0 0.258883 0.203328 0.051889 0.054710
0 0.237733 0.291314 0.045685 0.051325
0 0.233503 0.134800 0.064298 0.046249
0 0.897067 0.087140 0.061478 0.064862
0 0.893965 0.047377 0.051889 0.043993
0 0.835025 0.078116 0.053582 0.063734
0 0.761985 0.143260 0.056402 0.068810
0 0.759729 0.045403 0.069938 0.076142
0 0.679357 0.070502 0.059222 0.057530
0 0.644388 0.056684 0.050197 0.056966
0 0.701636 0.233503 0.051889 0.068810
0 0.861816 0.124647 0.030457 0.030457
0 0.400733 0.352792 0.050197 0.034405
0 0.596729 0.397067 0.064298 0.065426
0 0.339538 0.533277 0.073322 0.058094
0 0.477157 0.479131 0.073322 0.047941
0 0.595601 0.513818 0.059786 0.060914
0 0.564298 0.570502 0.075014 0.067118
0 0.809363 0.443034 0.082346 0.053582
0 0.796390 0.509024 0.103779 0.077270
0 0.839538 0.599831 0.081782 0.068246
0 0.705584 0.581218 0.069938 0.075014
0 0.720248 0.640722 0.063170 0.059786
0 0.757191 0.541737 0.063734 0.047941
0 0.154822 0.800338 0.041173 0.048505
0 0.147490 0.723914 0.034405 0.036661
0 0.010716 0.077552 0.019177 0.034405
