0 0.123519 0.115341 0.037225 0.028765 
0 0.168077 0.045685 0.104907 0.085730 
0 0.158770 0.139876 0.026509 0.027073 
0 0.811055 0.038635 0.092499 0.065990 
0 0.961647 0.400733 0.075578 0.098703 
0 0.444162 0.564862 0.071630 0.061478 
0 0.863226 0.622391 0.067118 0.076142 
0 0.882121 0.730964 0.064298 0.068810 
0 0.668641 0.811055 0.058094 0.063170 
0 0.569374 0.738861 0.073886 0.078962 
0 0.670897 0.811055 0.058094 0.063170 
0 0.481387 0.865482 0.084038 0.081782 
0 0.481387 0.865482 0.084038 0.081782 
0 0.386915 0.703046 0.080090 0.081782 
0 0.266497 0.805697 0.089679 0.084038 
0 0.273830 0.745347 0.078398 0.067118 
0 0.333051 0.692893 0.058094 0.094191 
0 0.243373 0.697124 0.086294 0.089114 
0 0.227580 0.646926 0.085166 0.067682 
0 0.334743 0.692893 0.058094 0.094191 
0 0.440214 0.564016 0.076142 0.059786 
0 0.198816 0.455725 0.095319 0.077834 
0 0.071348 0.478567 0.032149 0.036661 
