0 0.236323 0.097011 0.047377 0.041737
0 0.251269 0.062888 0.038917 0.027637
0 0.181049 0.086576 0.040609 0.035533
0 0.149464 0.133672 0.024817 0.038353
0 0.175127 0.137620 0.035533 0.030457
0 0.182459 0.113367 0.035533 0.011280
0 0.588550 0.023407 0.027637 0.029893
0 0.663001 0.094191 0.026509 0.022561
0 0.625494 0.076142 0.025945 0.021433
0 0.573322 0.074450 0.021997 0.024817
0 0.609983 0.020869 0.021997 0.022561
0 0.549069 0.056966 0.027637 0.023689
0 0.530457 0.099267 0.036661 0.031585
0 0.533559 0.029893 0.036097 0.025945
0 0.480823 0.060632 0.035533 0.031021
0 0.486464 0.036661 0.033277 0.022561
0 0.450085 0.064016 0.029329 0.031021
0 0.910603 0.248449 0.033277 0.028765
0 0.915398 0.155386 0.037225 0.037789
0 0.968133 0.156796 0.043429 0.034969
0 0.978849 0.190355 0.037789 0.017484
0 0.905527 0.127468 0.038917 0.031585
0 0.937112 0.103497 0.034405 0.028765
0 0.964185 0.123801 0.047941 0.035533
0 0.879583 0.115341 0.029893 0.024253
0 0.254089 0.287366 0.032149 0.029893
0 0.202200 0.280034 0.027637 0.029893
0 0.440496 0.340948 0.080090 0.073886
0 0.573040 0.374506 0.075578 0.071066
0 0.620981 0.494642 0.085730 0.092499
0 0.502256 0.439368 0.098703 0.091371
0 0.535815 0.330795 0.073322 0.061478
0 0.392273 0.410321 0.079526 0.080654
0 0.448111 0.404399 0.041173 0.057530
0 0.518895 0.615905 0.073322 0.080090
0 0.459391 0.561760 0.084038 0.083474
0 0.405809 0.556402 0.046813 0.072758
