0 0.317823 0.182741 0.061478 0.068810
0 0.415398 0.219966 0.088550 0.071066
0 0.532995 0.153130 0.080090 0.084038
0 0.609137 0.186125 0.065426 0.073322
0 0.449239 0.301466 0.094191 0.088550
0 0.348562 0.298364 0.075578 0.072194
0 0.274676 0.336435 0.073322 0.068246
0 0.287366 0.294134 0.045685 0.025381
0 0.622109 0.439086 0.081218 0.085166
0 0.696842 0.432600 0.058094 0.069938
0 0.727298 0.555556 0.067118 0.049633
0 0.712634 0.638184 0.065990 0.058094
0 0.462775 0.666103 0.073886 0.066554
0 0.406373 0.776086 0.065990 0.065426
0 0.557248 0.844050 0.067682 0.054710
0 0.570220 0.948957 0.049633 0.046813
0 0.380711 0.800056 0.050761 0.055838
0 0.328539 0.789904 0.058094 0.056966
