0 0.278624 0.157360 0.069938 0.077834 
0 0.588832 0.032431 0.087986 0.061478 
0 0.705866 0.128314 0.067118 0.080654 
0 0.608291 0.183869 0.100959 0.110547 
0 0.578680 0.281444 0.050761 0.051889 
0 0.503384 0.215736 0.109983 0.124647 
0 0.577834 0.405527 0.043429 0.043993 
0 0.500564 0.436830 0.047941 0.050197 
0 0.413424 0.439086 0.065426 0.062606 
0 0.337281 0.488156 0.065426 0.062606 
0 0.353638 0.544275 0.045121 0.046249 
0 0.438522 0.527073 0.056966 0.053582 
0 0.477439 0.564580 0.070502 0.073322 
0 0.450367 0.630288 0.069374 0.060350 
0 0.506768 0.594191 0.040045 0.042301 
0 0.610547 0.571348 0.037789 0.053017 
0 0.946136 0.588832 0.052453 0.059786 
0 0.977157 0.666667 0.033277 0.045121 
0 0.980541 0.708686 0.033277 0.033277 
0 0.983080 0.742527 0.032713 0.032149 
0 0.711506 0.809363 0.026509 0.028201 
0 0.702200 0.839820 0.030457 0.027073 
0 0.746757 0.891709 0.029329 0.034969 
0 0.756345 0.826565 0.025945 0.028765 
0 0.795544 0.882967 0.037789 0.046813 
0 0.814439 0.864072 0.019177 0.038353 
