0 0.040609 0.101805 0.025945 0.023125 
0 0.085448 0.016356 0.035533 0.021433 
0 0.118443 0.049633 0.022561 0.031585 
0 0.117315 0.017202 0.027073 0.025381 
0 0.025663 0.136492 0.024253 0.031585 
0 0.622673 0.016074 0.064298 0.026509 
0 0.669205 0.065990 0.071630 0.073322 
0 0.792442 0.049351 0.065426 0.068246 
0 0.728990 0.069656 0.044557 0.056966 
0 0.780034 0.148336 0.045121 0.047377 
0 0.754089 0.172589 0.039481 0.053017 
0 0.700790 0.155104 0.053582 0.075578 
0 0.922166 0.270164 0.049633 0.060914 
0 0.951495 0.422730 0.045121 0.060350 
0 0.899605 0.414552 0.036097 0.048505 
0 0.481387 0.318669 0.036661 0.056402 
0 0.478003 0.190355 0.031021 0.036661 
0 0.532713 0.214326 0.031021 0.027073 
0 0.448675 0.200790 0.018613 0.038353 
0 0.451213 0.014946 0.031585 0.024253 
0 0.446418 0.451495 0.038917 0.045685 
0 0.386915 0.424986 0.049633 0.072758 
0 0.341230 0.444726 0.033841 0.050197 
0 0.335025 0.372250 0.045121 0.033841 
0 0.331359 0.401861 0.037789 0.031021 
0 0.287084 0.410603 0.049633 0.059786 
0 0.390581 0.568528 0.047941 0.054146 
0 0.447547 0.586012 0.054710 0.047377 
0 0.440496 0.699380 0.031585 0.049633 
0 0.491540 0.736887 0.042301 0.040045 
0 0.484772 0.764241 0.032149 0.032713 
0 0.036943 0.801748 0.027637 0.028765 
0 0.128314 0.833615 0.029893 0.050761 
0 0.078116 0.315567 0.032149 0.033277 
0 0.025663 0.302312 0.029893 0.036097 
