0 0.194585 0.109701 0.040609 0.052453
0 0.392273 0.020023 0.042301 0.034405
0 0.345742 0.026791 0.042865 0.040045
0 0.441624 0.127750 0.042865 0.046813
0 0.395375 0.130570 0.019177 0.034405
0 0.338127 0.168359 0.031021 0.038917
0 0.367456 0.234067 0.065990 0.075578
0 0.941906 0.029047 0.055274 0.047941
0 0.911168 0.062888 0.032149 0.026509
0 0.403271 0.288494 0.039481 0.034405
0 0.470953 0.359278 0.037225 0.045121
0 0.549069 0.382121 0.042301 0.051325
0 0.513536 0.505076 0.042301 0.054710
0 0.559504 0.559222 0.049633 0.038917
0 0.402989 0.439368 0.028765 0.036097
0 0.335025 0.417372 0.041737 0.053017
0 0.295826 0.432882 0.028765 0.029893
0 0.973209 0.369712 0.036661 0.049069
0 0.678511 0.489566 0.066554 0.062042
0 0.717992 0.519177 0.046249 0.050197
0 0.740835 0.578398 0.064862 0.061478
0 0.900169 0.618725 0.085730 0.071066
0 0.981669 0.655386 0.036661 0.069938
0 0.941342 0.742245 0.066554 0.053017
0 0.732092 0.710942 0.065426 0.050197
0 0.736887 0.808799 0.054710 0.060914
0 0.522843 0.646644 0.051889 0.045685
0 0.429498 0.595319 0.035533 0.024253
0 0.015792 0.590243 0.027073 0.038917
0 0.041173 0.674281 0.041737 0.044557
0 0.012972 0.733785 0.023689 0.036097
0 0.164411 0.716864 0.033277 0.043993
0 0.207840 0.718838 0.032149 0.036661
0 0.814721 0.761703 0.038917 0.040045
