0 0.230400 0.082064 0.053582 0.053582
0 0.792442 0.072194 0.041737 0.038353
0 0.882403 0.021997 0.045685 0.042865
0 0.774676 0.021433 0.040045 0.038353
0 0.671179 0.286520 0.073322 0.076706
0 0.598703 0.383813 0.068246 0.071630
0 0.529047 0.440778 0.060914 0.052453
0 0.432882 0.463339 0.052453 0.056966
0 0.282854 0.547941 0.049069 0.049069
0 0.238579 0.436548 0.050761 0.046249
0 0.333051 0.361252 0.075014 0.090807
0 0.178793 0.385505 0.083474 0.117879
0 0.162155 0.489566 0.069374 0.062042
0 0.650592 0.510716 0.058094 0.058094
0 0.724478 0.594473 0.058094 0.055274
0 0.610547 0.609137 0.054710 0.056402
0 0.622391 0.651720 0.053582 0.044557
0 0.523971 0.686407 0.049633 0.045121
0 0.435984 0.741681 0.073322 0.063170
0 0.971517 0.925268 0.031021 0.038917
0 0.987874 0.885223 0.024253 0.038917
0 0.935138 0.926678 0.036097 0.038353
0 0.937676 0.893119 0.032149 0.028765
0 0.370840 0.557248 0.053582 0.039481
0 0.286802 0.517202 0.053582 0.039481
0 0.313593 0.482798 0.064298 0.075578
