0 0.662719 0.281444 0.050761 0.048505
0 0.709814 0.343768 0.045685 0.045685
0 0.730400 0.277214 0.042865 0.046813
0 0.678511 0.232375 0.034969 0.036097
0 0.608573 0.231810 0.055274 0.053017
0 0.617879 0.288776 0.040045 0.039481
0 0.580654 0.310491 0.027637 0.026509
0 0.542865 0.281726 0.047941 0.041173
0 0.513536 0.329667 0.059222 0.063734
0 0.498590 0.402425 0.073322 0.070502
0 0.435138 0.288494 0.079526 0.085166
0 0.393119 0.277496 0.039481 0.049633
0 0.359560 0.366892 0.080654 0.070502
0 0.385787 0.445290 0.066554 0.061478
0 0.319797 0.441342 0.048505 0.045685
0 0.258319 0.254089 0.031585 0.029893
0 0.282008 0.284546 0.023689 0.026509
0 0.287366 0.260575 0.018613 0.020305
0 0.375353 0.212070 0.029893 0.019177
0 0.404117 0.225888 0.017484 0.023125
0 0.099831 0.291032 0.023689 0.028201
0 0.071348 0.279470 0.027637 0.018613
0 0.075296 0.304005 0.026509 0.022561
0 0.037225 0.275804 0.029329 0.029329
0 0.013818 0.309363 0.023125 0.028765
0 0.947547 0.406091 0.065426 0.071066
0 0.990412 0.338691 0.018049 0.050197
0 0.666385 0.531303 0.047941 0.048505
0 0.672871 0.486464 0.041737 0.041173
0 0.718838 0.476593 0.038917 0.033841
0 0.761703 0.488720 0.025381 0.032149
0 0.707558 0.636492 0.059222 0.047941
0 0.742527 0.605189 0.062606 0.063170
0 0.686689 0.587704 0.041173 0.027073
0 0.633390 0.602369 0.036097 0.049633
0 0.592781 0.599549 0.039481 0.033841
0 0.672307 0.892837 0.032713 0.055274
0 0.439368 0.716300 0.113931 0.106035
0 0.338973 0.590243 0.109419 0.106599
0 0.274676 0.727580 0.148900 0.148900
0 0.175691 0.654258 0.094191 0.083474
0 0.223914 0.583192 0.027073 0.028201
0 0.257755 0.578962 0.030457 0.028765
0 0.158770 0.840384 0.084038 0.075578
0 0.132826 0.772420 0.100959 0.099831
0 0.210378 0.896503 0.054146 0.056966
0 0.350254 0.867456 0.118443 0.119571
