0 0.864636 0.249013 0.063170 0.045685
0 0.821207 0.250141 0.027073 0.029893
0 0.263113 0.303440 0.043429 0.048505
0 0.032995 0.707276 0.058094 0.089114
0 0.245065 0.729272 0.084038 0.087986
0 0.177101 0.666949 0.053017 0.026509
0 0.433446 0.527919 0.064862 0.053017
0 0.432318 0.523971 0.067118 0.060914
0 0.491822 0.491822 0.056402 0.071066
0 0.561478 0.492104 0.049069 0.061478
0 0.527355 0.538917 0.034969 0.044557
0 0.604061 0.599831 0.101523 0.100959
0 0.559786 0.652284 0.069374 0.063734
0 0.703892 0.608855 0.078962 0.072758
0 0.791596 0.566836 0.044557 0.046249
0 0.800902 0.507050 0.048505 0.054146
0 0.712352 0.493514 0.056402 0.038353
