0 0.116469 0.006768 0.037789 0.012408
0 0.207840 0.011280 0.047941 0.021433
0 0.261421 0.050479 0.026509 0.023125
0 0.278060 0.092781 0.039481 0.036661
0 0.329667 0.197970 0.026509 0.033841
0 0.242245 0.139030 0.028765 0.020869
0 0.199098 0.129442 0.034969 0.025381
0 0.157642 0.131416 0.024253 0.023689
0 0.145798 0.104907 0.027637 0.019177
0 0.284828 0.030175 0.018049 0.019741
0 0.320361 0.056684 0.033841 0.036661
0 0.365764 0.062042 0.020869 0.014664
0 0.258037 0.317823 0.035533 0.028765
0 0.102369 0.375353 0.015228 0.026509
0 0.129724 0.371968 0.029329 0.026509
0 0.455725 0.215736 0.067682 0.069374
0 0.570220 0.107163 0.067682 0.074450
0 0.575860 0.073322 0.053017 0.032713
0 0.616187 0.314157 0.043429 0.049633
0 0.399887 0.357868 0.059786 0.060350
0 0.772420 0.794416 0.035533 0.029893
0 0.769600 0.637338 0.034405 0.036097
0 0.726734 0.571348 0.051325 0.036097
