0 0.974337 0.156514 0.046813 0.063734
0 0.411168 0.326001 0.060914 0.055274
0 0.451495 0.380429 0.049069 0.050197
0 0.520869 0.316413 0.073886 0.051889
0 0.512690 0.430062 0.051889 0.055838
0 0.597857 0.482234 0.073322 0.081218
0 0.778624 0.510998 0.070502 0.080090
0 0.877327 0.572476 0.051325 0.055274
0 0.037789 0.448957 0.041737 0.041737
0 0.125776 0.503102 0.041737 0.046249
0 0.166103 0.558940 0.069374 0.066554
0 0.168641 0.614213 0.050761 0.032713
0 0.216864 0.704738 0.051325 0.051325
0 0.166385 0.315285 0.030457 0.036097
0 0.204174 0.268754 0.040609 0.036661
0 0.265087 0.281444 0.043993 0.038353
0 0.302594 0.280598 0.026509 0.028765
0 0.114495 0.378455 0.027073 0.039481
0 0.071348 0.393965 0.041173 0.032149
0 0.460801 0.767061 0.055274 0.059786
0 0.459673 0.860970 0.046249 0.046813
0 0.791032 0.968415 0.053582 0.057530
