0 0.052171 0.167795 0.049069 0.042301
0 0.111111 0.124365 0.038353 0.031021
0 0.056684 0.119571 0.036661 0.036097
0 0.928088 0.175127 0.043429 0.037789
0 0.124647 0.281162 0.031585 0.027637
0 0.243091 0.070220 0.019177 0.024253
0 0.530457 0.183869 0.028765 0.030457
0 0.573604 0.229272 0.024817 0.028765
0 0.520587 0.230682 0.030457 0.023689
0 0.456007 0.203610 0.021997 0.023689
0 0.568810 0.310491 0.031021 0.027637
0 0.533841 0.301466 0.031021 0.026509
0 0.527355 0.384377 0.030457 0.032149
0 0.452341 0.271856 0.025945 0.021433
0 0.556402 0.380147 0.020869 0.027073
0 0.478567 0.447265 0.053582 0.058658
0 0.338691 0.416244 0.036661 0.036097
0 0.397913 0.470671 0.056966 0.054710
0 0.635364 0.493514 0.059222 0.055274
0 0.296390 0.603215 0.054710 0.063734
0 0.375917 0.652284 0.052453 0.053582
0 0.178511 0.587986 0.051325 0.044557
0 0.232375 0.649746 0.041737 0.046249
0 0.285674 0.697688 0.049069 0.054146
0 0.254089 0.822053 0.045685 0.045685
0 0.493232 0.701072 0.040045 0.034969
0 0.492104 0.718838 0.045685 0.019741
0 0.536379 0.690919 0.037225 0.030457
0 0.643542 0.828821 0.041737 0.047941
0 0.741399 0.692047 0.052453 0.049633
0 0.802876 0.768472 0.062606 0.059222
0 0.058658 0.813029 0.033841 0.033277
0 0.350818 0.543993 0.057530 0.045685
