0 0.788494 0.124083 0.055274 0.059786 
0 0.839538 0.133108 0.051325 0.056402 
0 0.827975 0.032713 0.021433 0.031585 
0 0.742809 0.214044 0.046249 0.053582 
0 0.729554 0.277496 0.042301 0.056402 
0 0.699380 0.302876 0.039481 0.054146 
0 0.458545 0.445854 0.049633 0.061478 
0 0.534123 0.564298 0.098139 0.108855 
0 0.562888 0.523689 0.062042 0.069374 
0 0.289340 0.555556 0.032713 0.055274 
0 0.253807 0.649746 0.032713 0.097011 
0 0.017484 0.353638 0.032713 0.068810 
0 0.347434 0.806543 0.072194 0.062042 
