0 0.148900 0.143542 0.038353 0.027637
0 0.206430 0.162155 0.030457 0.037789
0 0.153130 0.206148 0.033277 0.033277
0 0.201918 0.243091 0.036097 0.036097
0 0.282854 0.308235 0.023125 0.026509
0 0.252397 0.289340 0.029893 0.028201
0 0.213198 0.295826 0.036097 0.026509
0 0.183023 0.308235 0.019741 0.032149
0 0.308799 0.277496 0.021997 0.030457
0 0.047377 0.346588 0.032713 0.023125
0 0.307107 0.417654 0.025381 0.020869
0 0.335589 0.067682 0.039481 0.036097
0 0.355048 0.023407 0.028765 0.023125
0 0.390863 0.107727 0.022561 0.029329
0 0.423576 0.220812 0.058658 0.050197
0 0.544839 0.309363 0.066554 0.064862
0 0.600677 0.149746 0.060914 0.062606
0 0.597575 0.075296 0.050197 0.054710
0 0.661309 0.143542 0.043429 0.042301
0 0.773266 0.059504 0.043993 0.044557
0 0.680203 0.009870 0.058658 0.018613
0 0.893683 0.070502 0.045685 0.045121
0 0.972081 0.052453 0.036661 0.037225
0 0.952341 0.168077 0.035533 0.033841
0 0.895093 0.186971 0.043993 0.031021
0 0.900733 0.218274 0.027073 0.021433
0 0.785392 0.187817 0.055838 0.059786
0 0.976311 0.097293 0.030457 0.032149
0 0.934010 0.080654 0.020305 0.029329
0 0.688099 0.268754 0.040609 0.046813
0 0.737733 0.334461 0.059786 0.055274
0 0.626622 0.252115 0.057530 0.060914
0 0.676819 0.418500 0.062042 0.073322
0 0.928934 0.488438 0.029329 0.034969
0 0.714608 0.653130 0.046249 0.045121
0 0.569092 0.548787 0.046249 0.060914
0 0.550761 0.617879 0.043429 0.050197
0 0.452623 0.445008 0.068246 0.056402
0 0.318951 0.539481 0.019741 0.027637
0 0.318951 0.604625 0.065990 0.062042
0 0.241399 0.710942 0.064298 0.075014
0 0.315285 0.772420 0.056402 0.071630
0 0.412296 0.752961 0.059786 0.060914
0 0.496616 0.740553 0.055838 0.055274
0 0.514664 0.778060 0.043429 0.043429
0 0.496052 0.866046 0.051325 0.038917
0 0.401297 0.868020 0.047941 0.058658
0 0.252397 0.765933 0.055838 0.046249
0 0.077552 0.792724 0.065990 0.046813
0 0.148900 0.920192 0.041737 0.044557
0 0.073322 0.883813 0.043993 0.038353
0 0.168923 0.980259 0.035533 0.038353
0 0.841230 0.877327 0.037789 0.058094
0 0.883531 0.911168 0.045685 0.034405
0 0.802030 0.930062 0.050761 0.056402
0 0.733503 0.968979 0.033277 0.032713
0 0.758601 0.945290 0.033841 0.028201
0 0.865200 0.810209 0.063170 0.050197
0 0.981387 0.894247 0.034969 0.060350
0 0.210378 0.579808 0.028201 0.027073
0 0.121827 0.815285 0.058658 0.033277
0 0.208686 0.857022 0.068810 0.032149
