0 0.097011 0.157360 0.016920 0.018049 
0 0.065426 0.165539 0.020305 0.021997 
0 0.057812 0.224760 0.026509 0.021997 
0 0.122391 0.090807 0.014664 0.012408 
0 0.228426 0.177383 0.034969 0.035533 
0 0.178511 0.195431 0.026509 0.027637 
0 0.211224 0.247039 0.032149 0.023689 
0 0.246193 0.223632 0.031021 0.023125 
0 0.166385 0.247885 0.016920 0.014100 
0 0.190919 0.306543 0.034405 0.034405 
0 0.203046 0.347434 0.033841 0.031585 
0 0.302030 0.269036 0.027637 0.016920 
0 0.382967 0.263113 0.024817 0.024253 
0 0.346588 0.173717 0.012972 0.016920 
0 0.295544 0.030175 0.029329 0.029893 
0 0.327411 0.022279 0.025381 0.027637 
0 0.485618 0.028765 0.027073 0.027073 
0 0.503666 0.025945 0.013536 0.022561 
0 0.445008 0.158770 0.039481 0.051325 
0 0.499718 0.211506 0.039481 0.046249 
0 0.543429 0.239425 0.037789 0.037789 
0 0.556684 0.275522 0.039481 0.035533 
0 0.587140 0.306261 0.038353 0.036097 
0 0.477157 0.259729 0.039481 0.037789 
0 0.441342 0.248167 0.032149 0.045121 
0 0.413988 0.253243 0.023689 0.041737 
0 0.481669 0.439932 0.036097 0.036097 
0 0.667231 0.009870 0.024817 0.016356 
0 0.706430 0.035815 0.034405 0.020869 
0 0.750141 0.014946 0.022561 0.023125 
0 0.777778 0.023407 0.025945 0.025381 
0 0.928934 0.067400 0.031585 0.032149 
0 0.967287 0.056966 0.028201 0.029329 
0 0.822617 0.203892 0.028765 0.023125 
0 0.919346 0.229836 0.024817 0.021997 
0 0.963339 0.210096 0.020305 0.015228 
0 0.966441 0.231528 0.019741 0.018613 
0 0.991540 0.210096 0.015792 0.027637 
0 0.939650 0.185279 0.020305 0.018613 
0 0.769036 0.311337 0.033277 0.027073 
0 0.986746 0.479413 0.020869 0.023689 
0 0.699098 0.575860 0.032149 0.032713 
0 0.740553 0.602651 0.030457 0.027637 
0 0.708404 0.617315 0.031585 0.032149 
0 0.653694 0.690919 0.030457 0.034969 
0 0.672025 0.636492 0.027637 0.027637 
0 0.535251 0.736605 0.039481 0.033841 
0 0.636774 0.752961 0.041737 0.031585 
0 0.347998 0.568810 0.023689 0.021997 
0 0.331641 0.595601 0.022561 0.023689 
0 0.310209 0.580654 0.020305 0.020869 
0 0.112239 0.791314 0.037225 0.032713 
0 0.193739 0.755499 0.041173 0.033277 
0 0.023689 0.935420 0.039481 0.034405 
0 0.166667 0.987028 0.019741 0.023689 
0 0.145798 0.980259 0.018613 0.018049 
0 0.463903 0.906091 0.029893 0.036661 
0 0.511844 0.921884 0.027637 0.031021 
0 0.548223 0.913706 0.029329 0.028201 
0 0.531585 0.861816 0.036661 0.027073 
0 0.949521 0.831641 0.016356 0.020869 
0 0.977439 0.826847 0.013536 0.021433 
0 0.964185 0.868302 0.016356 0.014100 
0 0.993232 0.834179 0.011280 0.016920 
0 0.816977 0.946983 0.023125 0.036097 
0 0.795544 0.957135 0.016356 0.023689 
0 0.896221 0.972081 0.029329 0.027637 
0 0.864354 0.979131 0.024253 0.022561 
0 0.925268 0.966441 0.023125 0.028765 
0 0.956289 0.991258 0.020869 0.014100 
