0 0.386069 0.292724 0.024253 0.021433
0 0.514382 0.274958 0.020305 0.019741
0 0.551889 0.326001 0.035533 0.037225
0 0.981669 0.050479 0.026509 0.077270
0 0.985336 0.312747 0.029329 0.056966
0 0.886351 0.385223 0.062606 0.057530
0 0.744501 0.309645 0.059786 0.060914
0 0.955725 0.494078 0.050197 0.055274
0 0.714326 0.520305 0.052453 0.045685
0 0.537789 0.540327 0.084038 0.068810
0 0.663283 0.713480 0.071066 0.064298
0 0.325155 0.392837 0.069374 0.061478
0 0.244501 0.451777 0.098703 0.073322
0 0.248167 0.570784 0.067682 0.056402
0 0.110265 0.532995 0.068246 0.056402
0 0.200226 0.688945 0.072194 0.047941
0 0.293570 0.739143 0.054710 0.050197
0 0.160462 0.776368 0.038917 0.035533
0 0.374224 0.839538 0.077270 0.082910
