0 0.268754 0.034405 0.029893 0.028201
0 0.243655 0.114777 0.024817 0.025381
0 0.214890 0.138184 0.027073 0.025945
0 0.410321 0.035533 0.040045 0.040609
0 0.475183 0.065990 0.040045 0.033841
0 0.497180 0.076706 0.023125 0.029329
0 0.399041 0.106035 0.034405 0.034969
0 0.376199 0.039199 0.027073 0.032149
0 0.358432 0.077834 0.034405 0.038353
0 0.375353 0.149464 0.029893 0.030457
0 0.419346 0.153130 0.031021 0.029893
0 0.526227 0.212916 0.034969 0.031021
0 0.930344 0.111957 0.044557 0.052453
0 0.966441 0.033277 0.050197 0.045121
0 0.288776 0.089397 0.036097 0.026509
0 0.024253 0.351946 0.032713 0.025945
0 0.028483 0.395939 0.029893 0.030457
0 0.088268 0.388325 0.027637 0.029893
0 0.122109 0.437112 0.028765 0.021433
0 0.165539 0.470389 0.025381 0.024817
0 0.201072 0.446136 0.026509 0.024817
0 0.161591 0.489566 0.025381 0.020305
0 0.035815 0.443316 0.019741 0.022561
0 0.477157 0.290750 0.057530 0.045685
0 0.498308 0.362380 0.049069 0.043429
0 0.548505 0.374224 0.041173 0.046813
0 0.449803 0.362098 0.047941 0.042865
0 0.392837 0.314157 0.046813 0.049633
0 0.399605 0.410886 0.052453 0.047941
0 0.342640 0.364918 0.041173 0.049633
0 0.439932 0.488438 0.031585 0.029329
0 0.302594 0.494924 0.028765 0.040045
0 0.245347 0.585166 0.031585 0.021997
0 0.754371 0.604907 0.034405 0.036661
0 0.713762 0.616187 0.040045 0.029893
0 0.644106 0.694585 0.093627 0.084038
0 0.577270 0.613085 0.073886 0.060914
0 0.500000 0.702764 0.072758 0.062042
0 0.759447 0.808235 0.072758 0.075578
0 0.598139 0.877891 0.078398 0.086294
0 0.518331 0.818951 0.043993 0.038353
0 0.534687 0.853920 0.043993 0.028201
0 0.547095 0.982798 0.051889 0.033277
0 0.229272 0.805415 0.035533 0.027073
0 0.119853 0.919064 0.037789 0.036661
0 0.040045 0.969825 0.028201 0.024253
0 0.070220 0.844332 0.029893 0.028201
0 0.041737 0.804287 0.040609 0.037225
0 0.008742 0.833615 0.014100 0.029329
0 0.117597 0.778624 0.025381 0.025381
0 0.151438 0.741117 0.034405 0.037225
0 0.117315 0.727580 0.027073 0.031585
0 0.075860 0.690637 0.024253 0.026509
0 0.028765 0.717992 0.030457 0.034969
0 0.035533 0.690073 0.040609 0.020869
0 0.142132 0.706994 0.036097 0.023125
0 0.731528 0.763113 0.059786 0.031585
