0 0.693739 0.296108 0.077834 0.094755
0 0.250141 0.336153 0.067118 0.076706
0 0.344614 0.294134 0.083474 0.106599
0 0.382967 0.416244 0.071066 0.084602
0 0.587422 0.363226 0.094191 0.121827
0 0.659616 0.344332 0.042301 0.067118
0 0.807671 0.480259 0.072194 0.078398
0 0.856176 0.505922 0.056402 0.068810
0 0.903553 0.496616 0.038353 0.058094
0 0.758037 0.464467 0.060914 0.073886
0 0.552453 0.520587 0.080654 0.087986
0 0.445854 0.504230 0.081782 0.040609
0 0.492386 0.412296 0.066554 0.034969
0 0.379583 0.420192 0.067682 0.074450
0 0.403553 0.597293 0.067118 0.090243
0 0.482798 0.555556 0.048505 0.050761
0 0.712916 0.935420 0.049633 0.067118
0 0.848844 0.935702 0.069938 0.080090
0 0.910603 0.894811 0.053582 0.047941
0 0.493796 0.823463 0.054710 0.066554
0 0.360688 0.899605 0.067118 0.077834
0 0.348280 0.810209 0.056966 0.047941
0 0.448393 0.878173 0.082346 0.081218
0 0.532149 0.432318 0.059222 0.067118
0 0.462211 0.328539 0.139312 0.152848
0 0.304287 0.869712 0.045685 0.041737
0 0.490976 0.770728 0.043429 0.034405
