0 0.184997 0.009306 0.022561 0.015228 
0 0.197970 0.074168 0.020305 0.021997 
0 0.356176 0.100113 0.015228 0.016356 
0 0.347998 0.127750 0.021433 0.021997 
0 0.419346 0.093345 0.020869 0.024253 
0 0.410603 0.110265 0.016920 0.019741 
0 0.409757 0.244783 0.052453 0.055274 
0 0.472081 0.258037 0.042865 0.044557 
0 0.388043 0.289340 0.045121 0.041737 
0 0.478567 0.358996 0.038917 0.049069 
0 0.428370 0.367174 0.040045 0.047377 
0 0.377045 0.389453 0.026509 0.024253 
0 0.023689 0.385223 0.022561 0.027073 
0 0.326283 0.490976 0.016356 0.023125 
0 0.305697 0.510998 0.016920 0.022561 
0 0.496898 0.467851 0.030457 0.038917 
0 0.537225 0.471799 0.017484 0.024253 
0 0.554146 0.493232 0.025381 0.026509 
0 0.573040 0.523689 0.022561 0.020869 
0 0.564298 0.585730 0.028765 0.023125 
0 0.462775 0.591089 0.034405 0.039481 
0 0.414270 0.604625 0.035533 0.036097 
0 0.384941 0.646362 0.044557 0.050761 
0 0.351382 0.554710 0.021433 0.028765 
0 0.351664 0.590525 0.035533 0.036097 
0 0.763677 0.018331 0.027073 0.035533 
0 0.824027 0.026227 0.028201 0.031021 
0 0.795826 0.045967 0.024817 0.021997 
0 0.849126 0.060350 0.034405 0.031585 
0 0.876199 0.025381 0.033277 0.038353 
0 0.886351 0.068528 0.031021 0.038917 
0 0.931754 0.070220 0.031585 0.040045 
0 0.918218 0.033277 0.032713 0.033841 
0 0.952059 0.164411 0.038353 0.033277 
0 0.979695 0.183023 0.023689 0.029893 
0 0.808235 0.167795 0.031585 0.036661 
0 0.871122 0.163565 0.044557 0.012408 
0 0.826283 0.208404 0.028201 0.028765 
0 0.970953 0.304569 0.046813 0.040609 
0 0.959391 0.255499 0.041737 0.025945 
0 0.669769 0.204738 0.024253 0.018049 
0 0.670333 0.227580 0.023125 0.025381 
0 0.737733 0.276932 0.025945 0.021433 
0 0.735759 0.317541 0.017484 0.024817 
0 0.684151 0.368584 0.025945 0.029893 
0 0.703610 0.344896 0.024253 0.023125 
0 0.740553 0.401579 0.022561 0.029329 
0 0.638184 0.354202 0.025381 0.027073 
0 0.633954 0.379301 0.021433 0.020869 
0 0.675409 0.394247 0.014100 0.018049 
0 0.645516 0.399041 0.021997 0.020869 
0 0.797800 0.538635 0.027637 0.031585 
0 0.925550 0.492104 0.023689 0.029893 
0 0.972927 0.570784 0.025945 0.029329 
0 0.957417 0.607727 0.029893 0.028765 
0 0.918782 0.616469 0.018049 0.024817 
0 0.131416 0.778906 0.038353 0.034969 
0 0.175409 0.777778 0.029329 0.030457 
0 0.190355 0.833333 0.027637 0.033277 
0 0.142132 0.830231 0.034969 0.037225 
0 0.118443 0.810773 0.033841 0.021997 
0 0.102933 0.778342 0.020869 0.029329 
0 0.688945 0.850536 0.045685 0.043993 
0 0.818105 0.855612 0.036661 0.050761 
0 0.825719 0.904399 0.043993 0.056966 
0 0.843768 0.948111 0.046249 0.032713 
0 0.792442 0.953469 0.043993 0.054710 
0 0.761421 0.924986 0.028201 0.040609 
0 0.691201 0.915398 0.041173 0.047377 
