0 0.656232 0.011844 0.042301 0.020305
0 0.720248 0.018895 0.046249 0.036661
0 0.263959 0.327693 0.104907 0.127468
0 0.224760 0.397067 0.076142 0.067682
0 0.425268 0.304851 0.099267 0.097575
0 0.339820 0.274112 0.047941 0.046249
0 0.476593 0.379301 0.053017 0.064862
0 0.582346 0.408347 0.053582 0.073322
0 0.627750 0.354202 0.062042 0.072194
0 0.542301 0.379019 0.046813 0.068810
0 0.760293 0.457135 0.056402 0.071630
0 0.660180 0.488156 0.051325 0.044557
0 0.712634 0.478567 0.035533 0.047941
0 0.838691 0.540327 0.062042 0.068810
0 0.766779 0.543711 0.035533 0.057530
0 0.947829 0.536379 0.049069 0.066554
0 0.728426 0.406655 0.037789 0.037225
0 0.521715 0.583474 0.076706 0.100959
0 0.961647 0.966159 0.063170 0.063170
