0 0.430908 0.318951 0.024817 0.050197
0 0.363226 0.344896 0.066554 0.052453
0 0.354484 0.401015 0.044557 0.050761
0 0.348844 0.431754 0.044557 0.028765
0 0.412014 0.445572 0.040045 0.049633
0 0.494360 0.421602 0.038917 0.050197
0 0.519741 0.437112 0.023125 0.038353
0 0.394247 0.540045 0.068810 0.054710
0 0.666667 0.594473 0.077834 0.066554
0 0.397349 0.608291 0.062606 0.049069
0 0.445008 0.647208 0.083474 0.085166
0 0.447829 0.707840 0.071066 0.050761
0 0.522561 0.732939 0.060350 0.075014
0 0.549351 0.796672 0.062042 0.079526
0 0.682741 0.826565 0.049069 0.065990
