0 0.414834 0.064580 0.068246 0.072758
0 0.490412 0.079244 0.061478 0.054710
0 0.523971 0.123237 0.043993 0.043429
0 0.379583 0.213762 0.072194 0.074450
0 0.531867 0.213762 0.038353 0.037225
0 0.712070 0.305415 0.053582 0.055838
0 0.648618 0.314721 0.060914 0.067682
0 0.805697 0.311055 0.070502 0.054710
0 0.863508 0.242245 0.046249 0.045685
0 0.069374 0.380429 0.069938 0.029893
0 0.199380 0.412860 0.072758 0.056402
0 0.134800 0.427806 0.040609 0.034405
0 0.527073 0.387197 0.062606 0.078398
0 0.757755 0.513536 0.033277 0.032149
0 0.499154 0.673717 0.045121 0.069374
0 0.450649 0.770164 0.056402 0.053582
0 0.422730 0.705020 0.061478 0.055274
0 0.351382 0.652848 0.034969 0.041173
0 0.383813 0.645516 0.026509 0.042301
0 0.348280 0.798082 0.055838 0.063170
0 0.261985 0.729272 0.068246 0.078962
0 0.674563 0.803723 0.060914 0.068810
0 0.128032 0.363790 0.049633 0.029329
0 0.131980 0.195149 0.050761 0.048505
