0 0.349690 0.151438 0.020305 0.020869
0 0.265087 0.169769 0.051889 0.053017
0 0.210942 0.155386 0.034969 0.032149
0 0.222504 0.179075 0.035533 0.016356
0 0.271856 0.087986 0.048505 0.053017
0 0.244501 0.047659 0.043429 0.028765
0 0.201918 0.084884 0.053017 0.053582
0 0.218838 0.476875 0.037225 0.034405
0 0.195149 0.451213 0.037225 0.027073
0 0.176255 0.490694 0.042301 0.038353
0 0.240835 0.513536 0.045121 0.031021
0 0.182177 0.532431 0.028201 0.030457
0 0.149746 0.485618 0.028765 0.029329
0 0.367174 0.391145 0.092499 0.087422
0 0.519177 0.395939 0.071630 0.074450
0 0.619853 0.469825 0.063170 0.065426
0 0.665821 0.406373 0.050197 0.051325
0 0.434010 0.475465 0.081782 0.064298
0 0.345460 0.488156 0.070502 0.050197
0 0.336153 0.549915 0.086858 0.086858
0 0.514100 0.549069 0.100959 0.097575
0 0.553582 0.604625 0.088550 0.095883
0 0.448675 0.711506 0.089679 0.084038
0 0.498308 0.666103 0.073886 0.071066
0 0.390299 0.620699 0.113931 0.106599
0 0.295262 0.642978 0.077270 0.087986
0 0.234349 0.916808 0.046813 0.041173
0 0.222222 0.857304 0.041737 0.038353
0 0.221094 0.964749 0.036097 0.028765
