0 0.049069 0.021151 0.042865 0.031021
0 0.203892 0.020305 0.054710 0.037225
0 0.135082 0.085448 0.032149 0.025381
0 0.116751 0.102933 0.032713 0.019741
0 0.516638 0.022561 0.033841 0.031585
0 0.919064 0.077834 0.029893 0.030457
0 0.908629 0.025099 0.029329 0.033277
0 0.252115 0.439086 0.029329 0.027637
0 0.288494 0.465031 0.028765 0.033277
0 0.347152 0.507332 0.040045 0.038917
0 0.368302 0.464749 0.028201 0.032713
0 0.066836 0.580936 0.028765 0.030457
0 0.038071 0.575578 0.024253 0.023125
0 0.500846 0.439086 0.037225 0.037789
0 0.644670 0.437676 0.054146 0.041737
0 0.594473 0.428088 0.036097 0.042865
0 0.705584 0.388043 0.040609 0.038353
0 0.727016 0.448111 0.034969 0.035533
0 0.754371 0.472645 0.033277 0.029329
0 0.693175 0.466441 0.029329 0.029329
0 0.714890 0.527355 0.047941 0.047377
0 0.741117 0.588832 0.046249 0.039481
0 0.622673 0.551043 0.046249 0.039481
0 0.656514 0.553017 0.029329 0.033277
0 0.838973 0.381275 0.031021 0.024817
0 0.901579 0.403553 0.023125 0.027637
0 0.932600 0.439932 0.031021 0.029329
0 0.813029 0.438240 0.036661 0.023689
0 0.820643 0.418218 0.032713 0.016356
0 0.419346 0.567400 0.044557 0.047377
0 0.439086 0.540327 0.044557 0.028201
0 0.373378 0.620981 0.040609 0.037225
0 0.346870 0.720812 0.021433 0.018049
0 0.328821 0.780034 0.031585 0.027073
0 0.249577 0.759447 0.032149 0.037789
0 0.174563 0.764523 0.025381 0.021997
0 0.158488 0.796954 0.027073 0.030457
0 0.322053 0.890863 0.028201 0.028765
0 0.348562 0.892837 0.018049 0.032713
0 0.383531 0.904681 0.027073 0.025945
0 0.366892 0.762549 0.034405 0.022561
