0 0.437112 0.180767 0.092499 0.102087 
0 0.521997 0.185843 0.061478 0.072758 
0 0.565144 0.164411 0.063170 0.065990 
0 0.683869 0.334461 0.135928 0.111675 
0 0.317541 0.404117 0.080090 0.078398 
0 0.230400 0.446701 0.047941 0.076706 
0 0.110547 0.448675 0.093627 0.081782 
0 0.133390 0.532149 0.119007 0.078398 
0 0.746475 0.500282 0.098703 0.099267 
0 0.640158 0.522279 0.103779 0.095883 
0 0.522279 0.585448 0.053017 0.046249 
0 0.611393 0.667795 0.046249 0.057530 
0 0.668641 0.670615 0.088550 0.082346 
0 0.675973 0.723068 0.065990 0.040609 
0 0.614777 0.739143 0.042865 0.058094 
0 0.689791 0.793852 0.121827 0.102087 
0 0.674563 0.871686 0.093627 0.071630 
0 0.673153 0.916244 0.055838 0.028765 
0 0.521433 0.766497 0.102087 0.100395 
0 0.586012 0.884659 0.065426 0.069374 
0 0.433728 0.781162 0.076706 0.064298 
0 0.411732 0.888889 0.084602 0.074450 
0 0.361534 0.925268 0.063170 0.059222 
0 0.686689 0.977157 0.062606 0.044557 
0 0.612803 0.969261 0.080654 0.061478 
0 0.538635 0.964749 0.080090 0.065990 
0 0.368866 0.981105 0.092499 0.033277 
0 0.520869 0.921884 0.058094 0.031021 
