0 0.145234 0.115623 0.044557 0.028201 
0 0.109419 0.128596 0.041737 0.055274 
0 0.159616 0.156796 0.056402 0.054146 
0 0.221376 0.165539 0.046813 0.054710 
0 0.215736 0.239425 0.049069 0.044557 
0 0.166667 0.250705 0.036661 0.038917 
0 0.179075 0.219402 0.027637 0.030457 
0 0.149182 0.185279 0.049069 0.025381 
0 0.396785 0.012690 0.044557 0.024253 
0 0.443316 0.018331 0.027073 0.021997 
0 0.611957 0.047095 0.081218 0.084038 
0 0.720530 0.075296 0.046813 0.036661 
0 0.785392 0.059222 0.079526 0.084602 
0 0.954315 0.160745 0.056402 0.055274 
0 0.910603 0.232375 0.052453 0.056402 
0 0.855048 0.194021 0.039481 0.034969 
0 0.821771 0.160745 0.043993 0.036097 
0 0.899041 0.120417 0.048505 0.036661 
0 0.709532 0.233503 0.031585 0.081218 
0 0.829385 0.351382 0.089679 0.084602 
0 0.649746 0.346588 0.056402 0.082910 
0 0.803723 0.426960 0.075578 0.099267 
0 0.839538 0.537789 0.103215 0.095319 
0 0.882967 0.474901 0.063734 0.057530 
0 0.749295 0.514946 0.070502 0.066554 
0 0.649182 0.466159 0.113931 0.113367 
0 0.619007 0.525381 0.073886 0.038917 
0 0.552171 0.468979 0.091371 0.108855 
0 0.478003 0.457981 0.068246 0.078962 
0 0.406937 0.393401 0.151720 0.152848 
0 0.422166 0.289622 0.086294 0.051325 
0 0.293570 0.332769 0.078398 0.074450 
0 0.274676 0.416808 0.080090 0.075578 
0 0.348844 0.503102 0.122391 0.111675 
0 0.303723 0.450085 0.079526 0.051889 
0 0.418782 0.511844 0.062606 0.077270 
0 0.279470 0.540609 0.077270 0.061478 
0 0.111393 0.540327 0.094191 0.084602 
0 0.158770 0.487310 0.064862 0.050761 
0 0.160745 0.626622 0.074450 0.066554 
0 0.220248 0.727016 0.065990 0.063170 
0 0.365482 0.623237 0.046249 0.043993 
0 0.421038 0.679921 0.090807 0.106599 
0 0.459391 0.974619 0.068246 0.050761 
0 0.736041 0.684997 0.064298 0.075014 
0 0.910321 0.627468 0.056402 0.067118 
0 0.956853 0.778624 0.071630 0.096447 
0 0.955725 0.710660 0.070502 0.028201 
0 0.524535 0.347152 0.076706 0.079526 
0 0.193457 0.317259 0.039481 0.038917 
0 0.163283 0.364072 0.024253 0.025381 
0 0.101241 0.373942 0.033277 0.028201 
0 0.450649 0.192611 0.039481 0.042301 
0 0.397913 0.145234 0.037789 0.037789 
0 0.372250 0.216582 0.029329 0.030457 
0 0.471517 0.096165 0.050761 0.043429 
0 0.537789 0.080372 0.033277 0.037789 
