0 0.929216 0.040891 0.047941 0.060350
0 0.875635 0.012690 0.062606 0.021997
0 0.753525 0.058658 0.051889 0.057530
0 0.721940 0.025381 0.041737 0.041737
0 0.562606 0.014946 0.033277 0.028765
0 0.550197 0.074450 0.033277 0.036097
0 0.507332 0.073604 0.034405 0.040045
0 0.137056 0.028201 0.039481 0.048505
0 0.067400 0.048787 0.045685 0.047941
0 0.350536 0.202482 0.055838 0.050761
0 0.782008 0.369430 0.042301 0.050761
0 0.575860 0.516920 0.076706 0.097575
0 0.466441 0.491540 0.092499 0.104343
0 0.402143 0.519177 0.083474 0.088550
0 0.601241 0.632262 0.090243 0.081218
0 0.456289 0.682459 0.071066 0.071066
0 0.708686 0.813311 0.045685 0.053017
0 0.760293 0.862662 0.048505 0.050197
0 0.198816 0.709532 0.035533 0.047377
0 0.457981 0.478285 0.137620 0.174845
