0 0.168641 0.256345 0.071066 0.068246
0 0.370840 0.131980 0.069374 0.073322
0 0.521715 0.172589 0.053017 0.063170
0 0.456007 0.246475 0.075014 0.077834
0 0.261421 0.399041 0.050197 0.042301
0 0.155386 0.488720 0.047941 0.041173
0 0.344614 0.458545 0.055274 0.041737
0 0.422166 0.450649 0.040045 0.027073
0 0.629724 0.434010 0.056966 0.061478
0 0.776650 0.440778 0.034969 0.028765
0 0.728990 0.285674 0.033277 0.028765
0 0.615341 0.332205 0.031585 0.023689
0 0.836999 0.353638 0.025945 0.030457
0 0.864918 0.397913 0.026509 0.023125
0 0.861534 0.345742 0.026509 0.028201
0 0.992104 0.480259 0.015792 0.025381
0 0.969261 0.614213 0.032149 0.027073
0 0.585730 0.554710 0.052453 0.056966
0 0.684715 0.609701 0.046249 0.058658
0 0.645798 0.633108 0.060914 0.047941
0 0.630006 0.695713 0.048505 0.045685
0 0.562042 0.671743 0.041173 0.037225
0 0.635646 0.564862 0.031585 0.035533
0 0.292442 0.739425 0.061478 0.057530
0 0.061196 0.445008 0.044557 0.029329
0 0.060914 0.398477 0.031585 0.019741
0 0.013818 0.585448 0.023125 0.030457
