0 0.603779 0.236887 0.038917 0.037225 
0 0.467287 0.218556 0.033277 0.020869 
0 0.509588 0.231810 0.036661 0.021433 
0 0.392555 0.271292 0.080090 0.071066 
0 0.335025 0.411168 0.056402 0.062042 
0 0.287930 0.398759 0.043429 0.034969 
0 0.118161 0.408629 0.043429 0.037789 
0 0.155386 0.437112 0.028765 0.019177 
0 0.229272 0.474055 0.037789 0.037789 
0 0.147208 0.486182 0.034969 0.030457 
0 0.280316 0.587986 0.037225 0.041173 
0 0.578962 0.459673 0.072758 0.073322 
0 0.653412 0.439086 0.073886 0.061478 
0 0.655104 0.515510 0.064862 0.057530 
0 0.689791 0.807389 0.043993 0.049069 
0 0.502538 0.713480 0.047377 0.059786 
0 0.025381 0.918782 0.029329 0.028201 
0 0.051889 0.980259 0.033841 0.036097 
