0 0.323181 0.216018 0.094755 0.083474 
0 0.520587 0.325719 0.090243 0.068246 
0 0.702764 0.257755 0.124083 0.122955 
0 0.570784 0.472645 0.144388 0.165821 
0 0.677947 0.552171 0.058658 0.101523 
0 0.362380 0.388325 0.139312 0.147208 
0 0.404963 0.564580 0.082346 0.083474 
0 0.514664 0.605471 0.069374 0.093063 
0 0.457417 0.638748 0.068810 0.075014 
0 0.349972 0.637056 0.105471 0.124647 
0 0.268754 0.478285 0.137056 0.150028 
0 0.056966 0.604343 0.041737 0.036661 
0 0.218838 0.733785 0.040609 0.049633 
0 0.346024 0.800338 0.056966 0.117315 
0 0.374506 0.706712 0.048505 0.046249 
0 0.580372 0.732092 0.054146 0.066554 
0 0.534687 0.813311 0.068810 0.092499 
0 0.565426 0.888325 0.046813 0.051889 
0 0.971799 0.763677 0.049633 0.053017 
