0 0.285674 0.203892 0.038917 0.049069 
0 0.218274 0.227016 0.032713 0.028765 
0 0.267343 0.236605 0.033841 0.021997 
0 0.123519 0.307107 0.042865 0.044557 
0 0.102369 0.322335 0.037789 0.035533 
0 0.208968 0.387197 0.042301 0.046813 
0 0.289340 0.407501 0.033841 0.045685 
0 0.238861 0.445290 0.041173 0.047941 
0 0.512690 0.419628 0.091371 0.083474 
0 0.415398 0.419064 0.063734 0.067682 
0 0.629160 0.434856 0.082910 0.076706 
0 0.734913 0.463903 0.078962 0.077270 
0 0.545685 0.529611 0.078398 0.080090 
0 0.548223 0.593063 0.068810 0.054710 
0 0.621827 0.587422 0.044557 0.043429 
0 0.683305 0.638184 0.058094 0.062606 
0 0.368584 0.697124 0.044557 0.048505 
0 0.349126 0.723632 0.046249 0.036097 
0 0.294416 0.747321 0.043993 0.062042 
0 0.246475 0.698252 0.036097 0.053017 
0 0.190073 0.739425 0.040609 0.048505 
0 0.485336 0.789904 0.040045 0.045685 
0 0.524817 0.836153 0.036661 0.049069 
0 0.193175 0.197406 0.027637 0.029329 
