0 0.034405 0.053017 0.041737 0.040609
0 0.167513 0.035251 0.051889 0.046813
0 0.868866 0.164129 0.043429 0.043993
0 0.942752 0.182177 0.042301 0.046249
0 0.855612 0.214890 0.037225 0.034969
0 0.807389 0.208404 0.036661 0.042301
0 0.932036 0.279470 0.035533 0.031021
0 0.901015 0.245347 0.034405 0.034969
0 0.905809 0.181331 0.022561 0.029893
0 0.608009 0.420474 0.054146 0.051325
0 0.498026 0.381839 0.039481 0.037225
0 0.368302 0.415398 0.041737 0.042301
0 0.481387 0.340948 0.056966 0.046813
0 0.543429 0.393683 0.053582 0.053017
0 0.543429 0.463339 0.063734 0.065990
0 0.481387 0.434010 0.055838 0.058094
0 0.409757 0.437112 0.054710 0.054146
0 0.353356 0.468697 0.061478 0.062042
0 0.314721 0.452059 0.048505 0.062606
0 0.403835 0.558376 0.050761 0.043993
0 0.406937 0.505358 0.055838 0.055274
0 0.434292 0.375917 0.051889 0.044557
0 0.373660 0.365200 0.062606 0.045685
0 0.463057 0.641004 0.065426 0.056966
0 0.577834 0.593909 0.055838 0.054146
0 0.594755 0.535815 0.059222 0.034969
0 0.616187 0.564862 0.032149 0.025381
0 0.137338 0.843486 0.032149 0.035533
0 0.153130 0.889171 0.037789 0.026509
0 0.952341 0.981387 0.070502 0.034969
0 0.659616 0.668077 0.035533 0.023125
0 0.255499 0.294980 0.030457 0.027073
0 0.026227 0.219402 0.031021 0.030457
0 0.117597 0.070784 0.037789 0.018613
