0 0.126622 0.048223 0.050197 0.045685 
0 0.117879 0.095601 0.042865 0.047941 
0 0.198816 0.123801 0.045685 0.031021 
0 0.055556 0.143260 0.023125 0.053017 
0 0.359560 0.500846 0.054710 0.060914 
0 0.428934 0.517202 0.049069 0.059786 
0 0.468133 0.552453 0.039481 0.051325 
0 0.554428 0.568528 0.038353 0.054146 
0 0.314157 0.553864 0.041737 0.062042 
0 0.280034 0.456007 0.047941 0.055838 
0 0.250141 0.480259 0.035533 0.034405 
0 0.303723 0.408629 0.045685 0.044557 
0 0.642696 0.498026 0.068246 0.073322 
0 0.595319 0.457417 0.035533 0.055274 
0 0.589961 0.409475 0.050761 0.053017 
0 0.728708 0.558094 0.048505 0.053582 
0 0.758319 0.480259 0.064862 0.065990 
0 0.719120 0.503384 0.049633 0.046813 
0 0.973491 0.960237 0.023689 0.027637 
