0 0.029611 0.018613 0.055838 0.032713
0 0.217710 0.019177 0.045121 0.031585
0 0.761421 0.023971 0.038353 0.028765
0 0.529893 0.118443 0.069374 0.059786
0 0.490130 0.133672 0.020305 0.048505
0 0.644952 0.155386 0.056966 0.065990
0 0.587422 0.152002 0.043429 0.045685
0 0.726452 0.151720 0.057530 0.059786
0 0.671461 0.210096 0.044557 0.043429
0 0.543429 0.227298 0.062606 0.059786
0 0.464185 0.194021 0.054146 0.059786
0 0.418782 0.188381 0.038917 0.059786
0 0.487310 0.247885 0.048505 0.051325
0 0.478849 0.296108 0.047377 0.050761
0 0.612239 0.289058 0.068246 0.065990
0 0.677101 0.296954 0.047941 0.061478
0 0.655668 0.365200 0.059222 0.052453
0 0.527637 0.367174 0.054710 0.060914
0 0.562606 0.294698 0.032149 0.035533
0 0.294416 0.150874 0.025945 0.021997
0 0.286520 0.203892 0.028201 0.019741
0 0.306543 0.422448 0.038917 0.040609
0 0.281726 0.479131 0.032149 0.029893
0 0.255499 0.469543 0.021433 0.033277
0 0.273548 0.438522 0.028201 0.026509
0 0.305697 0.487592 0.015792 0.026509
0 0.384377 0.487310 0.051325 0.034969
0 0.420756 0.527919 0.046249 0.029329
0 0.438804 0.561760 0.032713 0.036097
0 0.448393 0.600395 0.027073 0.040045
0 0.398477 0.619007 0.050197 0.043429
0 0.337281 0.575296 0.059786 0.055274
0 0.327129 0.543147 0.042865 0.033841
0 0.292442 0.572758 0.029893 0.053582
0 0.260293 0.632826 0.047941 0.053017
0 0.300902 0.666667 0.040045 0.051889
0 0.361816 0.672871 0.049069 0.041737
0 0.404117 0.691483 0.051325 0.050761
0 0.465595 0.712352 0.036661 0.045121
0 0.354766 0.738297 0.056402 0.056402
0 0.915680 0.890581 0.043429 0.049633
0 0.982516 0.958545 0.034969 0.047941
0 0.956007 0.926960 0.030457 0.024253
0 0.925832 0.982234 0.051325 0.034405
0 0.875071 0.990130 0.035533 0.016356
0 0.482798 0.798364 0.033841 0.032149
0 0.652002 0.518895 0.031585 0.036097
