0 0.010998 0.082346 0.020869 0.047377
0 0.455443 0.369712 0.094191 0.123519
0 0.373942 0.432036 0.091371 0.112803
0 0.265933 0.354202 0.119007 0.152284
0 0.191483 0.333615 0.035533 0.095319
0 0.794698 0.627186 0.047377 0.066554
0 0.685843 0.519177 0.078962 0.116751
0 0.608855 0.500846 0.065990 0.094755
0 0.435702 0.519741 0.069374 0.099831
0 0.369994 0.527355 0.039481 0.049633
0 0.338973 0.540609 0.029329 0.041173
0 0.361816 0.575296 0.028765 0.041737
0 0.271010 0.568528 0.034405 0.043993
0 0.736887 0.761421 0.052453 0.057530
0 0.505922 0.549633 0.051889 0.023125
0 0.508178 0.294980 0.036097 0.048505
0 0.245629 0.142414 0.044557 0.045685
