0 0.407783 0.131134 0.064298 0.069374
0 0.296954 0.196560 0.081782 0.061478
0 0.376481 0.346306 0.096447 0.119571
0 0.223068 0.305979 0.076142 0.071630
0 0.200508 0.393683 0.075014 0.067682
0 0.198252 0.475465 0.081782 0.082346
0 0.111111 0.339255 0.112803 0.102087
0 0.487874 0.315849 0.051889 0.042865
0 0.616751 0.246757 0.070502 0.068246
0 0.711506 0.432318 0.098703 0.094191
0 0.634236 0.543147 0.082910 0.099267
0 0.789340 0.640440 0.076142 0.059222
0 0.463339 0.664693 0.073886 0.078398
0 0.481951 0.743655 0.043429 0.053582
0 0.410886 0.656232 0.044557 0.072758
0 0.570220 0.657924 0.045121 0.032149
