0 0.847998 0.025099 0.045685 0.043429
0 0.869430 0.082910 0.035533 0.036097
0 0.791596 0.055838 0.033277 0.033841
0 0.734631 0.057530 0.037789 0.036097
0 0.668077 0.062042 0.032149 0.028201
0 0.645798 0.041455 0.030457 0.033277
0 0.646926 0.104907 0.036097 0.042865
0 0.926396 0.149464 0.023125 0.025945
0 0.357586 0.346024 0.133108 0.140440
0 0.512408 0.344332 0.105471 0.091935
0 0.608855 0.412578 0.072758 0.073886
0 0.469543 0.435138 0.094191 0.093063
0 0.543147 0.490694 0.078962 0.077834
0 0.388325 0.535815 0.084038 0.082346
0 0.379301 0.454597 0.080654 0.072194
0 0.324309 0.493232 0.062042 0.059222
0 0.276368 0.416244 0.100395 0.083474
0 0.697688 0.739143 0.040609 0.045685
0 0.649182 0.731528 0.032713 0.036097
0 0.512126 0.691765 0.040609 0.042301
0 0.388325 0.684433 0.035533 0.041173
0 0.349972 0.679075 0.027637 0.028201
0 0.179075 0.583192 0.037789 0.038353
0 0.126622 0.612239 0.035533 0.033277
