0 0.424704 0.051043 0.045121 0.050197 
0 0.432318 0.084602 0.044557 0.036097 
0 0.289058 0.287366 0.082910 0.102087 
0 0.434574 0.311901 0.111111 0.118443 
0 0.603779 0.436830 0.097575 0.105471 
0 0.756627 0.498026 0.084038 0.085730 
0 0.425832 0.451213 0.092499 0.098139 
0 0.308235 0.474901 0.095319 0.103779 
0 0.390581 0.502256 0.065990 0.062606 
0 0.495770 0.485054 0.078962 0.076706 
0 0.606599 0.548787 0.070502 0.075578 
0 0.574450 0.604061 0.075014 0.083474 
0 0.573322 0.922730 0.096447 0.106035 
0 0.646926 0.966159 0.100395 0.067682 
