0 0.804851 0.050479 0.049633 0.058094 
0 0.772138 0.131698 0.040609 0.053582 
0 0.828257 0.240553 0.026509 0.043429 
0 0.619853 0.076988 0.024817 0.037789 
0 0.236323 0.036097 0.027073 0.038353 
0 0.251833 0.058094 0.021997 0.030457 
0 0.275240 0.068528 0.030457 0.029893 
0 0.260857 0.028483 0.019741 0.023125 
0 0.273266 0.111393 0.027637 0.028765 
0 0.173153 0.190073 0.037225 0.038353 
0 0.183587 0.229272 0.027637 0.023125 
0 0.192047 0.251833 0.023125 0.027637 
0 0.415398 0.268190 0.045685 0.047941 
0 0.420192 0.325437 0.051889 0.050761 
0 0.474901 0.367174 0.049633 0.045121 
0 0.349690 0.322899 0.046249 0.058094 
0 0.356740 0.362098 0.034405 0.025945 
0 0.154540 0.388889 0.028201 0.029893 
0 0.180767 0.395657 0.019741 0.024253 
0 0.152002 0.420192 0.026509 0.021433 
0 0.129160 0.392273 0.023689 0.028765 
0 0.168641 0.459109 0.015792 0.022561 
0 0.287084 0.437394 0.019177 0.027637 
0 0.831641 0.548223 0.025381 0.034969 
0 0.972927 0.530457 0.019177 0.040045 
0 0.871968 0.651156 0.030457 0.029893 
0 0.603497 0.609983 0.037225 0.042301 
0 0.617597 0.664129 0.029329 0.036661 
0 0.628314 0.696560 0.034969 0.034969 
0 0.591371 0.668641 0.036661 0.046813 
0 0.538071 0.603215 0.049633 0.052453 
0 0.553864 0.635082 0.051889 0.057530 
0 0.513536 0.653130 0.043429 0.047377 
0 0.464467 0.631698 0.061478 0.067682 
0 0.170333 0.577552 0.021433 0.016920 
0 0.150310 0.578962 0.019741 0.021997 
0 0.224196 0.706994 0.038917 0.042301 
0 0.178229 0.759729 0.033841 0.042865 
0 0.188945 0.723068 0.037225 0.024817 
0 0.135082 0.733503 0.043429 0.049069 
0 0.102933 0.686971 0.042301 0.042865 
0 0.376481 0.777496 0.035533 0.037789 
0 0.487592 0.809927 0.023125 0.029329 
0 0.447547 0.805697 0.029893 0.028765 
0 0.750141 0.823463 0.021433 0.031585 
0 0.011562 0.915116 0.021997 0.036661 
0 0.065426 0.907219 0.032713 0.037789 
