0 0.063452 0.048223 0.040045 0.036661
0 0.028201 0.123801 0.041737 0.041173
0 0.054146 0.204456 0.042865 0.038917
0 0.013254 0.183305 0.020869 0.041737
0 0.757191 0.016638 0.056966 0.026509
0 0.659616 0.013536 0.035533 0.022561
0 0.702764 0.419628 0.041737 0.063170
0 0.730118 0.446983 0.050197 0.060350
0 0.655386 0.446701 0.046249 0.049633
0 0.472363 0.532713 0.040045 0.031021
0 0.366892 0.523971 0.032149 0.028201
0 0.543147 0.534123 0.054146 0.031585
0 0.262549 0.374506 0.068246 0.046249
0 0.260575 0.424422 0.051889 0.037789
0 0.227298 0.436830 0.033841 0.046813
0 0.207558 0.454033 0.039481 0.037225
0 0.164129 0.448111 0.032713 0.027637
0 0.075860 0.442188 0.041173 0.036097
0 0.101805 0.477721 0.032149 0.028201
0 0.259447 0.485900 0.027073 0.050197
0 0.252961 0.653976 0.025381 0.033277
0 0.206430 0.637056 0.022561 0.034405
0 0.987310 0.739707 0.025381 0.041173
0 0.754371 0.818669 0.052453 0.058094
0 0.738015 0.861252 0.040045 0.043993
0 0.795262 0.889735 0.040609 0.061478
0 0.850818 0.968415 0.053582 0.034969
0 0.197124 0.987874 0.034405 0.020869
0 0.508178 0.780598 0.027073 0.034969
0 0.465595 0.810209 0.027637 0.028765
