0 0.165539 0.289622 0.089679 0.089679
0 0.369712 0.340666 0.079526 0.074450
0 0.290468 0.459109 0.081218 0.083474
0 0.203892 0.405527 0.099831 0.087986
0 0.139030 0.461647 0.087422 0.076142
0 0.105471 0.501128 0.036097 0.053582
0 0.281726 0.637620 0.080654 0.084038
0 0.447547 0.626340 0.085166 0.091935
0 0.492386 0.670051 0.053017 0.059786
0 0.421602 0.764241 0.054710 0.062042
0 0.459391 0.795262 0.034405 0.040609
0 0.852510 0.445572 0.058094 0.067682
0 0.893119 0.452059 0.042301 0.062606
0 0.854202 0.577834 0.047941 0.044557
