0 0.072194 0.118443 0.039481 0.034969
0 0.012126 0.032995 0.021997 0.035533
0 0.016920 0.191765 0.027073 0.039481
0 0.010434 0.125494 0.018613 0.049069
0 0.430908 0.031021 0.062042 0.056402
0 0.406091 0.067682 0.058658 0.072194
0 0.503102 0.026509 0.039481 0.041737
0 0.538635 0.110265 0.042865 0.033277
0 0.618725 0.054428 0.037225 0.036661
0 0.743655 0.046249 0.035533 0.038353
0 0.796672 0.014382 0.026509 0.024253
0 0.984490 0.011562 0.025381 0.021997
0 0.972081 0.230964 0.038917 0.047941
0 0.990130 0.250141 0.019741 0.035533
0 0.896221 0.263677 0.043993 0.040045
0 0.983926 0.326001 0.032149 0.038353
0 0.966159 0.380147 0.041737 0.041737
0 0.843486 0.437394 0.044557 0.044557
0 0.936266 0.503384 0.037225 0.036661
0 0.801184 0.534687 0.033277 0.024817
0 0.470389 0.290468 0.043993 0.058658
0 0.659898 0.261421 0.038353 0.033277
0 0.642696 0.480541 0.040045 0.041737
0 0.611675 0.487310 0.023125 0.031585
0 0.519459 0.504512 0.077834 0.081782
0 0.390017 0.462211 0.052453 0.072758
0 0.391991 0.382121 0.041737 0.037789
0 0.330795 0.502538 0.071630 0.081218
0 0.421602 0.514946 0.072758 0.080090
0 0.481387 0.578398 0.054710 0.067118
0 0.510434 0.557530 0.058658 0.041173
0 0.320361 0.621545 0.058658 0.064298
0 0.355330 0.688381 0.046249 0.064862
0 0.244501 0.716582 0.035533 0.046813
0 0.048787 0.688099 0.045685 0.030457
0 0.649746 0.621545 0.039481 0.053017
0 0.695431 0.659616 0.030457 0.035533
0 0.699662 0.740553 0.038917 0.043993
0 0.636774 0.720812 0.039481 0.041737
0 0.562606 0.733503 0.033277 0.046813
0 0.657642 0.906655 0.055274 0.063734
0 0.644106 0.978567 0.049633 0.042865
0 0.567400 0.984772 0.037225 0.028201
0 0.895375 0.976029 0.096447 0.047941
0 0.687253 0.219402 0.032149 0.030457
