0 0.896785 0.127186 0.021433 0.020869
0 0.969825 0.254089 0.023125 0.029893
0 0.710378 0.068528 0.029893 0.033277
0 0.676819 0.075296 0.031585 0.033277
0 0.638184 0.152566 0.020869 0.034405
0 0.586012 0.182459 0.025945 0.029893
0 0.601805 0.245629 0.048505 0.046813
0 0.957417 0.397913 0.019741 0.025381
0 0.787930 0.358432 0.054146 0.049069
0 0.636210 0.327975 0.050761 0.042301
0 0.584320 0.348844 0.049633 0.040045
0 0.696560 0.339538 0.043993 0.033841
0 0.723350 0.399887 0.068246 0.056402
0 0.744783 0.468979 0.071630 0.069374
0 0.738015 0.556966 0.070502 0.041173
0 0.542019 0.553582 0.047377 0.059222
0 0.459109 0.543147 0.045121 0.046249
0 0.145798 0.604061 0.042301 0.036097
0 0.093345 0.751269 0.059222 0.056402
0 0.059504 0.824591 0.051325 0.033841
0 0.353638 0.807953 0.034969 0.035533
0 0.177101 0.380147 0.023689 0.027073
0 0.893683 0.294134 0.044557 0.033277
0 0.893683 0.507332 0.020869 0.018613
0 0.933164 0.126340 0.018613 0.022561
