0 0.608573 0.096447 0.038353 0.029329
0 0.453751 0.133954 0.035533 0.037789
0 0.479977 0.069656 0.031585 0.035533
0 0.220530 0.102087 0.027073 0.029329
0 0.157360 0.068246 0.028201 0.027073
0 0.041455 0.238861 0.035533 0.040045
0 0.235759 0.189791 0.036097 0.028765
0 0.339820 0.296390 0.037789 0.029893
0 0.422166 0.252397 0.037789 0.033277
0 0.480823 0.251269 0.025381 0.027637
0 0.093627 0.067682 0.030457 0.028201
0 0.018331 0.168641 0.031021 0.031585
0 0.026791 0.092217 0.034405 0.035533
0 0.946136 0.358714 0.035533 0.027073
0 0.813875 0.285674 0.031585 0.025381
0 0.909475 0.577270 0.051325 0.038917
0 0.712070 0.596165 0.029893 0.028201
0 0.560914 0.464749 0.082910 0.077834
0 0.549633 0.592217 0.077270 0.080090
0 0.441906 0.590243 0.104343 0.111111
0 0.354766 0.564862 0.072194 0.069374
0 0.271574 0.556684 0.060350 0.050761
0 0.578680 0.820643 0.064298 0.067682
0 0.555838 0.684715 0.043429 0.041737
