0 0.072194 0.097857 0.032713 0.037789 
0 0.084320 0.009306 0.032149 0.017484 
0 0.146362 0.061196 0.028765 0.026509 
0 0.289058 0.019741 0.044557 0.033841 
0 0.325155 0.024535 0.025381 0.042301 
0 0.378737 0.049351 0.033277 0.035533 
0 0.463621 0.026791 0.039481 0.032149 
0 0.601805 0.188663 0.032713 0.035533 
0 0.955161 0.026791 0.068246 0.050197 
0 0.804851 0.039763 0.047377 0.029893 
0 0.921320 0.301184 0.029893 0.024817 
0 0.925832 0.347152 0.036661 0.034405 
0 0.965313 0.349126 0.037789 0.038353 
0 0.398477 0.260011 0.028765 0.028201 
0 0.364354 0.302876 0.055274 0.051889 
0 0.245911 0.356740 0.037225 0.040045 
0 0.309645 0.391145 0.045121 0.051325 
0 0.260011 0.416808 0.048505 0.042865 
0 0.063170 0.455725 0.063170 0.064298 
0 0.071630 0.545121 0.049633 0.042301 
0 0.124929 0.595883 0.055838 0.063734 
0 0.265369 0.646926 0.042301 0.058658 
0 0.421884 0.500564 0.069938 0.064862 
0 0.525381 0.554710 0.067118 0.077270 
0 0.629442 0.431190 0.072194 0.071630 
0 0.697688 0.434010 0.059786 0.044557 
