0 0.453187 0.017766 0.054710 0.034405
0 0.511280 0.034405 0.036661 0.037225
0 0.541455 0.083474 0.039481 0.041737
0 0.732375 0.048223 0.045685 0.050197
0 0.493796 0.304569 0.068246 0.086858
0 0.367738 0.258601 0.077834 0.079526
0 0.450649 0.338691 0.057530 0.067118
0 0.489566 0.378737 0.045121 0.050197
0 0.423294 0.286520 0.047941 0.042865
0 0.326847 0.241963 0.038917 0.059786
0 0.270728 0.254653 0.033841 0.041173
0 0.695713 0.165257 0.033277 0.046249
0 0.094191 0.421602 0.028201 0.033277
0 0.161027 0.439650 0.032149 0.029893
0 0.120699 0.459109 0.028201 0.029329
0 0.110265 0.489284 0.032149 0.031021
0 0.151438 0.531585 0.027637 0.035533
0 0.287930 0.445854 0.035533 0.029893
0 0.035533 0.712634 0.032713 0.035533
0 0.208122 0.700226 0.073322 0.059222
0 0.242527 0.763113 0.056402 0.058658
0 0.333333 0.791596 0.053017 0.067118
0 0.246757 0.824027 0.046813 0.054146
0 0.293288 0.836153 0.032713 0.045685
0 0.347998 0.873096 0.029329 0.041737
0 0.272138 0.734349 0.054710 0.037225
0 0.490976 0.881839 0.075014 0.085166
0 0.577552 0.880429 0.053017 0.065426
0 0.585448 0.820925 0.050761 0.055838
0 0.522279 0.796672 0.057530 0.049069
0 0.456853 0.818669 0.065426 0.054710
0 0.471517 0.776932 0.057530 0.029893
0 0.767061 0.728426 0.053017 0.060350
0 0.718838 0.943034 0.055838 0.056402
0 0.746475 0.985336 0.062606 0.023689
0 0.794134 0.966159 0.049633 0.034969
0 0.307953 0.969543 0.053017 0.048505
0 0.218838 0.979977 0.067682 0.037789
0 0.354484 0.363508 0.029893 0.028765
