0 0.637902 0.108855 0.106035 0.100395
0 0.848844 0.088550 0.076706 0.084602
0 0.910886 0.132826 0.033841 0.029893
0 0.962211 0.158770 0.054146 0.047941
0 0.842922 0.200226 0.084038 0.089114
0 0.763959 0.239143 0.079526 0.076706
0 0.736887 0.186971 0.051325 0.042301
0 0.654540 0.364636 0.055838 0.045685
0 0.766779 0.450367 0.046813 0.051325
0 0.697970 0.464185 0.061478 0.048505
0 0.523407 0.349126 0.082346 0.077834
0 0.435984 0.145234 0.086858 0.087422
0 0.294698 0.337281 0.056966 0.053017
0 0.197688 0.415962 0.085166 0.075014
0 0.208122 0.498872 0.065426 0.077270
0 0.180767 0.602087 0.065990 0.063734
0 0.150028 0.690073 0.075578 0.086294
0 0.192047 0.762831 0.044557 0.065990
0 0.240835 0.741681 0.053017 0.066554
0 0.283136 0.780598 0.074450 0.082346
0 0.301466 0.817823 0.070502 0.062042
0 0.425268 0.784828 0.063170 0.052453
0 0.486464 0.747885 0.045685 0.067682
0 0.502538 0.682177 0.082346 0.089679
0 0.539763 0.626622 0.072194 0.066554
0 0.573040 0.591371 0.062042 0.051325
0 0.548787 0.526791 0.059786 0.066554
0 0.491540 0.573886 0.060350 0.060350
