0 0.226170 0.030175 0.090243 0.059222 
0 0.080654 0.150874 0.111675 0.109983 
0 0.269882 0.124929 0.100959 0.124647 
0 0.376199 0.152566 0.071066 0.080654 
0 0.329103 0.214044 0.086294 0.084038 
0 0.419628 0.245911 0.074450 0.064298 
0 0.404117 0.336999 0.072758 0.059222 
0 0.332487 0.367738 0.072758 0.062042 
0 0.484490 0.409193 0.090243 0.078398 
0 0.428934 0.605471 0.071630 0.075014 
0 0.195995 0.659052 0.028765 0.027637 
0 0.524817 0.063170 0.088550 0.086858 
0 0.589679 0.099831 0.056966 0.063170 
0 0.552453 0.175691 0.084038 0.094191 
0 0.958545 0.034687 0.075014 0.061478 
0 0.869148 0.288776 0.104907 0.100395 
0 0.706712 0.335307 0.057530 0.038917 
0 0.638466 0.394811 0.086858 0.081218 
0 0.607445 0.449803 0.021433 0.026509 
0 0.501128 0.499718 0.024253 0.029329 
0 0.979977 0.461083 0.033277 0.059222 
0 0.931190 0.492104 0.059786 0.064862 
0 0.962493 0.499718 0.035533 0.056402 
0 0.970953 0.743091 0.056966 0.076142 
0 0.889735 0.800902 0.099831 0.097011 
0 0.932318 0.949803 0.074450 0.074450 
0 0.961083 0.911168 0.072194 0.091935 
0 0.922166 0.695149 0.058658 0.060350 
0 0.247039 0.370558 0.034969 0.032713 
