0 0.090243 0.077834 0.143260 0.134236 
0 0.095883 0.249859 0.060914 0.065426 
0 0.097857 0.428652 0.098703 0.094755 
0 0.185561 0.558940 0.082346 0.076706 
0 0.039763 0.498026 0.061478 0.049633 
0 0.034687 0.544275 0.065990 0.058658 
0 0.390863 0.453187 0.055274 0.052453 
0 0.721376 0.528765 0.077834 0.073886 
0 0.809645 0.604061 0.058094 0.066554 
0 0.786802 0.617879 0.049633 0.063734 
0 0.720530 0.602087 0.077270 0.063734 
0 0.699098 0.656232 0.062606 0.059222 
0 0.644388 0.675127 0.060350 0.048505 
0 0.699098 0.656232 0.062606 0.059222 
0 0.569938 0.646644 0.065990 0.075014 
