0 0.575860 0.222504 0.071066 0.067118
0 0.629160 0.294980 0.052453 0.041737
0 0.698534 0.128878 0.033277 0.035533
0 0.543993 0.239143 0.044557 0.053017
0 0.506486 0.307953 0.073322 0.075578
0 0.421884 0.352510 0.080090 0.084602
0 0.346588 0.358996 0.061478 0.055838
0 0.287366 0.271574 0.111111 0.094191
0 0.087704 0.382121 0.037789 0.029893
0 0.094473 0.411450 0.035533 0.018613
0 0.214044 0.448111 0.035533 0.025381
0 0.235195 0.437112 0.028201 0.031585
0 0.215454 0.472363 0.023689 0.024253
0 0.188381 0.481951 0.027073 0.024253
0 0.079526 0.465313 0.030457 0.023689
0 0.367174 0.488438 0.085730 0.091371
0 0.474901 0.527073 0.039481 0.047941
0 0.590807 0.483644 0.084038 0.107727
0 0.480823 0.641568 0.076142 0.073886
0 0.617315 0.668077 0.063734 0.088550
0 0.629724 0.825155 0.050197 0.053017
0 0.070220 0.491540 0.019741 0.026509
0 0.083756 0.504794 0.017484 0.018049
0 0.119289 0.513536 0.024253 0.025381
0 0.683305 0.910603 0.037789 0.035533
