0 0.519177 0.309363 0.087422 0.087422 
0 0.463621 0.389453 0.082346 0.094191 
0 0.388043 0.472081 0.073322 0.083474 
0 0.211788 0.476029 0.088550 0.087986 
0 0.186407 0.035251 0.053582 0.046813 
0 0.148900 0.076424 0.054146 0.052453 
0 0.288212 0.043147 0.037225 0.052453 
0 0.325437 0.203610 0.048505 0.049633 
0 0.227580 0.104061 0.053582 0.050197 
0 0.497180 0.604343 0.084038 0.068246 
0 0.590525 0.627750 0.069938 0.081218 
0 0.634800 0.734067 0.131416 0.131416 
0 0.699944 0.681613 0.084602 0.076142 
0 0.862662 0.776368 0.090807 0.079526 
0 0.788776 0.812747 0.069374 0.086858 
0 0.683587 0.865200 0.063170 0.062042 
