0 0.187253 0.096729 0.027073 0.023125 
0 0.157642 0.110829 0.027637 0.034405 
0 0.037507 0.166103 0.047941 0.052453 
0 0.105189 0.228144 0.050197 0.053582 
0 0.018049 0.333615 0.033841 0.045685 
0 0.045967 0.277778 0.043429 0.044557 
0 0.184433 0.268472 0.053017 0.071066 
0 0.264241 0.292160 0.043429 0.054146 
0 0.230400 0.355330 0.045685 0.050761 
0 0.711224 0.013254 0.028201 0.025381 
0 0.737169 0.015792 0.023689 0.027073 
0 0.680767 0.022561 0.029329 0.033841 
0 0.666949 0.093627 0.047941 0.056402 
0 0.632262 0.063734 0.033841 0.034969 
0 0.646362 0.167513 0.042865 0.053017 
0 0.611111 0.146080 0.028765 0.033841 
0 0.683869 0.206712 0.046813 0.064862 
0 0.641568 0.227580 0.038917 0.038917 
0 0.593909 0.219684 0.055274 0.069374 
0 0.555556 0.251551 0.032713 0.051889 
0 0.879301 0.299774 0.034969 0.044557 
0 0.875917 0.333051 0.043993 0.036661 
0 0.852510 0.363508 0.047941 0.019741 
0 0.803723 0.348562 0.037225 0.046249 
0 0.766779 0.360970 0.042301 0.041737 
0 0.671461 0.294416 0.046813 0.047377 
0 0.674281 0.331077 0.038917 0.027073 
0 0.754371 0.271010 0.064862 0.065990 
0 0.079808 0.554710 0.069374 0.063734 
0 0.142132 0.555556 0.066554 0.062042 
0 0.197406 0.582346 0.054146 0.050197 
0 0.280316 0.772702 0.064298 0.055274 
0 0.346588 0.788494 0.054710 0.049633 
0 0.626340 0.544275 0.065990 0.076706 
0 0.731810 0.547095 0.085166 0.107163 
0 0.885505 0.515228 0.081218 0.078398 
0 0.823181 0.611957 0.069374 0.071066 
0 0.782854 0.688945 0.072194 0.067118 
0 0.701918 0.657924 0.071630 0.062606 
0 0.619571 0.638184 0.070502 0.076142 
0 0.887197 0.767625 0.050761 0.060914 
0 0.712916 0.773830 0.062042 0.071066 
0 0.239989 0.946418 0.043429 0.050761 
0 0.029047 0.919910 0.040045 0.038353 
