0 0.826001 0.765087 0.065990 0.060350
0 0.313593 0.291596 0.133108 0.108291
0 0.298646 0.572758 0.121263 0.125776
0 0.426678 0.539199 0.125776 0.119571
0 0.220248 0.413424 0.121263 0.126340
0 0.470107 0.272138 0.093063 0.103215
0 0.628596 0.427524 0.093063 0.081218
0 0.551043 0.512690 0.068810 0.073322
0 0.449803 0.401015 0.111111 0.117315
0 0.200226 0.520587 0.100395 0.093627
0 0.869148 0.729836 0.043993 0.047377
0 0.853920 0.689509 0.040609 0.028765
0 0.811901 0.675691 0.050197 0.040609
0 0.769318 0.720530 0.056402 0.056966
0 0.975465 0.833051 0.038917 0.022561
0 0.552453 0.984772 0.040045 0.030457
0 0.621545 0.969261 0.019177 0.024253
