0 0.047377 0.095037 0.027073 0.026509
0 0.484208 0.084602 0.032149 0.034969
0 0.524535 0.115905 0.037225 0.035533
0 0.604061 0.091935 0.039481 0.049633
0 0.638748 0.025099 0.027637 0.036661
0 0.564016 0.197688 0.022561 0.040045
0 0.494078 0.196842 0.033841 0.046249
0 0.532431 0.186971 0.038353 0.036661
0 0.650592 0.409193 0.059222 0.071630
0 0.473209 0.330513 0.066554 0.078962
0 0.290186 0.371122 0.064862 0.056402
0 0.270446 0.398759 0.062606 0.041737
0 0.241399 0.493514 0.071066 0.054146
0 0.310491 0.503948 0.055838 0.040045
0 0.471799 0.524253 0.076142 0.087422
0 0.549351 0.480541 0.076706 0.078962
0 0.745911 0.618161 0.097575 0.083474
0 0.207558 0.698534 0.065426 0.077270
0 0.520869 0.961365 0.054710 0.077270
0 0.658770 0.970953 0.049633 0.058094
0 0.960237 0.888889 0.035533 0.051889
0 0.562042 0.546813 0.056966 0.052453
0 0.616751 0.518895 0.062606 0.085730
0 0.234631 0.027073 0.024817 0.020305
0 0.256345 0.036943 0.018613 0.023125
0 0.294698 0.035533 0.023125 0.020305
0 0.329103 0.025381 0.023125 0.016920
0 0.659898 0.036379 0.022561 0.023125
