0 0.140440 0.202764 0.098139 0.105471 
0 0.243091 0.173435 0.082346 0.051325 
0 0.065144 0.329385 0.069374 0.064298 
0 0.078962 0.371122 0.073322 0.025945 
0 0.424704 0.046531 0.071066 0.078398 
0 0.415116 0.150874 0.071066 0.081782 
0 0.337281 0.149746 0.054146 0.043429 
0 0.336153 0.173717 0.040609 0.038353 
0 0.360970 0.100677 0.037225 0.035533 
0 0.324027 0.080936 0.029893 0.043429 
0 0.579526 0.219966 0.056966 0.075578 
0 0.511280 0.227016 0.075014 0.086294 
0 0.411450 0.324027 0.062606 0.065990 
0 0.600113 0.450367 0.062042 0.068246 
0 0.430062 0.470953 0.047941 0.049633 
0 0.343768 0.476875 0.036661 0.037789 
0 0.969261 0.082064 0.035533 0.044557 
0 0.992104 0.122955 0.015792 0.037225 
0 0.290468 0.711224 0.060914 0.056402 
0 0.204174 0.591935 0.074450 0.069374 
0 0.153976 0.763113 0.051889 0.042865 
0 0.378173 0.636774 0.034405 0.032713 
0 0.501128 0.626340 0.043429 0.045685 
0 0.597293 0.702764 0.068810 0.075578 
0 0.701354 0.630570 0.094191 0.095883 
0 0.857304 0.614495 0.092499 0.096447 
0 0.804287 0.728426 0.067682 0.060350 
0 0.792724 0.652284 0.042301 0.050197 
0 0.743373 0.742809 0.045121 0.055274 
0 0.787930 0.811337 0.054146 0.043429 
0 0.816977 0.852510 0.040045 0.034405 
0 0.733221 0.846024 0.040609 0.072194 
0 0.425550 0.841512 0.072758 0.083474 
0 0.324873 0.842922 0.063170 0.070502 
0 0.293006 0.888043 0.062606 0.059222 
0 0.313311 0.945572 0.064862 0.064862 
0 0.024817 0.237451 0.045121 0.043993 
0 0.126340 0.276650 0.031585 0.021997 
