0 0.234349 0.159616 0.020869 0.022561
0 0.205302 0.118725 0.028201 0.020869
0 0.199662 0.140722 0.023689 0.018613
0 0.038353 0.219402 0.028201 0.023689
0 0.013818 0.253243 0.021997 0.024817
0 0.237733 0.222222 0.023125 0.025945
0 0.274958 0.231246 0.017484 0.021433
0 0.239143 0.252397 0.023689 0.024253
0 0.209814 0.240553 0.027073 0.026509
0 0.283700 0.344050 0.027073 0.032713
0 0.328257 0.375071 0.036097 0.025945
0 0.286802 0.402707 0.031021 0.029329
0 0.285956 0.378455 0.025945 0.016920
0 0.236605 0.380147 0.034405 0.032713
0 0.232939 0.336435 0.016920 0.021997
0 0.197124 0.368020 0.020869 0.027637
0 0.214608 0.333051 0.020869 0.021997
0 0.417090 0.141286 0.012972 0.016356
0 0.386069 0.157642 0.015228 0.021997
0 0.391145 0.136492 0.015228 0.016920
0 0.389171 0.053864 0.019177 0.017484
0 0.409193 0.076988 0.020869 0.019741
0 0.330513 0.049915 0.013536 0.016356
0 0.347998 0.060632 0.015792 0.016356
0 0.353920 0.078398 0.018613 0.016920
0 0.566272 0.147490 0.019177 0.016356
0 0.584038 0.168641 0.015228 0.018049
0 0.545403 0.146926 0.020305 0.017484
0 0.520869 0.161873 0.020869 0.021433
0 0.485054 0.163283 0.020305 0.017484
0 0.557530 0.232375 0.064862 0.075578
0 0.493514 0.272138 0.053017 0.056966
0 0.508742 0.232375 0.042865 0.040609
0 0.424422 0.241399 0.056966 0.055274
0 0.423576 0.291878 0.058658 0.045685
0 0.417936 0.326283 0.051889 0.036661
0 0.470953 0.316695 0.056402 0.042301
0 0.502820 0.367174 0.067118 0.060914
0 0.588832 0.379583 0.060914 0.055274
0 0.618443 0.317823 0.073886 0.073886
0 0.666103 0.275804 0.055274 0.056402
0 0.675409 0.316131 0.026509 0.034405
0 0.624365 0.249577 0.040609 0.044557
0 0.959109 0.493232 0.054710 0.052453
0 0.871122 0.752115 0.046813 0.047941
0 0.488156 0.563170 0.043429 0.046813
0 0.414552 0.558658 0.058658 0.054710
0 0.374788 0.534687 0.054710 0.043993
0 0.481669 0.850254 0.072194 0.062606
0 0.591653 0.864636 0.058658 0.058658
0 0.577270 0.928934 0.064862 0.058658
0 0.408629 0.913424 0.053582 0.055838
0 0.475183 0.933164 0.045685 0.037789
0 0.500846 0.960519 0.042865 0.036097
0 0.518331 0.829949 0.039481 0.037789
0 0.760575 0.829103 0.029893 0.033841
0 0.788494 0.830231 0.022561 0.018049
0 0.784828 0.865482 0.025381 0.026509
0 0.747039 0.866046 0.031021 0.027637
