0 0.120135 0.435984 0.033841 0.022561
0 0.129160 0.476875 0.034969 0.031021
0 0.064016 0.465877 0.037789 0.030457
0 0.283700 0.496616 0.040609 0.075014
0 0.322617 0.505358 0.038353 0.057530
0 0.233503 0.531303 0.059786 0.051889
0 0.342076 0.576142 0.052453 0.064862
0 0.416526 0.498026 0.053582 0.065426
0 0.541737 0.487028 0.051325 0.046813
0 0.669205 0.635364 0.029893 0.017484
0 0.597575 0.635928 0.035533 0.047941
0 0.571912 0.672589 0.030457 0.028765
0 0.566554 0.635364 0.025381 0.028765
0 0.100677 0.977721 0.058094 0.041173
0 0.710096 0.989848 0.042865 0.020305
0 0.664411 0.991822 0.036097 0.016356
0 0.657078 0.957417 0.029329 0.031021
