0 0.931190 0.028765 0.042865 0.054146 
0 0.963057 0.064580 0.045685 0.054710 
0 0.904681 0.109983 0.047377 0.048505 
0 0.931754 0.141850 0.036097 0.037789 
0 0.864636 0.092781 0.024817 0.023125 
0 0.799774 0.147208 0.034969 0.029329 
0 0.765651 0.157924 0.031021 0.037225 
0 0.778342 0.198816 0.031585 0.032149 
0 0.807107 0.187535 0.025945 0.029893 
0 0.694303 0.189509 0.029329 0.039481 
0 0.720248 0.185843 0.018049 0.033277 
0 0.734913 0.220530 0.019177 0.024817 
0 0.656514 0.175973 0.037225 0.025945 
0 0.428652 0.219966 0.030457 0.022561 
0 0.453469 0.274958 0.020305 0.024253 
0 0.260575 0.010998 0.031585 0.018613 
0 0.044839 0.130852 0.035533 0.036097 
0 0.410321 0.334179 0.026509 0.025381 
0 0.585730 0.505076 0.045685 0.047941 
0 0.628878 0.520869 0.038353 0.029893 
0 0.649464 0.444444 0.049069 0.046249 
0 0.711224 0.453469 0.046249 0.036097 
0 0.682741 0.490130 0.044557 0.039481 
0 0.545967 0.482516 0.027073 0.049069 
0 0.531303 0.432882 0.032713 0.046813 
0 0.596729 0.449239 0.043993 0.023125 
0 0.587986 0.426114 0.042301 0.017484 
0 0.675973 0.852228 0.043429 0.043993 
0 0.684997 0.807389 0.033277 0.028765 
0 0.546813 0.838691 0.049069 0.045121 
0 0.525945 0.795262 0.044557 0.032713 
0 0.516356 0.853920 0.027637 0.043993 
