0 0.540609 0.050761 0.044557 0.054146
0 0.602933 0.023689 0.055274 0.046249
0 0.545967 0.011280 0.051889 0.021433
0 0.488438 0.016638 0.053017 0.032149
0 0.199098 0.149746 0.030457 0.029893
0 0.502256 0.089114 0.044557 0.039481
0 0.630288 0.198252 0.067118 0.059222
0 0.639030 0.367456 0.133108 0.114495
0 0.787366 0.422448 0.063170 0.038353
0 0.570502 0.445854 0.069374 0.081782
0 0.497744 0.406655 0.089679 0.115059
0 0.554710 0.320925 0.072758 0.077834
0 0.413142 0.270728 0.107727 0.095883
0 0.490130 0.273266 0.069938 0.081782
0 0.311901 0.305979 0.047377 0.051325
0 0.290468 0.348280 0.034969 0.029893
0 0.849972 0.555274 0.050761 0.078398
0 0.434856 0.502538 0.053017 0.062042
0 0.483362 0.552735 0.049633 0.056402
0 0.416244 0.597011 0.046249 0.064862
0 0.374788 0.552171 0.056966 0.062042
0 0.315567 0.561760 0.056966 0.074450
0 0.313593 0.491822 0.058658 0.049633
0 0.477721 0.467569 0.054146 0.041737
0 0.293288 0.451495 0.039481 0.028765
0 0.364918 0.302594 0.036097 0.037789
0 0.440496 0.904963 0.069938 0.087422
0 0.426114 0.838691 0.053582 0.043993
0 0.531585 0.876763 0.055838 0.036661
0 0.563734 0.975465 0.051325 0.047941
0 0.494642 0.963621 0.049633 0.058094
0 0.645798 0.256627 0.042865 0.043993
