0 0.470671 0.057248 0.023125 0.031021 
0 0.401297 0.084602 0.024253 0.029329 
0 0.522843 0.134518 0.032713 0.040045 
0 0.600395 0.167231 0.037789 0.037789 
0 0.648900 0.188663 0.036661 0.041173 
0 0.667795 0.116751 0.027073 0.037225 
0 0.683023 0.134518 0.022561 0.028765 
0 0.503102 0.220812 0.029329 0.028765 
0 0.633672 0.305133 0.029893 0.034969 
0 0.560632 0.190355 0.034969 0.029893 
0 0.728144 0.405809 0.030457 0.037789 
0 0.699662 0.408629 0.017484 0.023125 
0 0.712070 0.371968 0.027637 0.028765 
0 0.646362 0.419910 0.024817 0.029893 
0 0.675127 0.436830 0.021433 0.025381 
0 0.723068 0.560068 0.055274 0.057530 
0 0.791314 0.567682 0.039481 0.043429 
0 0.753243 0.626904 0.041173 0.051325 
0 0.802876 0.645234 0.042301 0.041737 
0 0.796108 0.689509 0.023125 0.037789 
0 0.761139 0.548787 0.015228 0.043993 
0 0.327411 0.332487 0.025381 0.023125 
0 0.275804 0.376199 0.056402 0.058658 
0 0.320361 0.432882 0.054146 0.054710 
0 0.334743 0.376481 0.043429 0.044557 
0 0.243373 0.416808 0.045685 0.039481 
0 0.195149 0.443316 0.048505 0.059786 
0 0.148618 0.421038 0.036661 0.031021 
0 0.155668 0.351664 0.051889 0.050197 
0 0.212070 0.371968 0.028201 0.037789 
0 0.132544 0.266497 0.040609 0.051325 
0 0.257755 0.614495 0.073322 0.063734 
0 0.183305 0.787930 0.066554 0.053017 
0 0.111675 0.833897 0.067682 0.063734 
0 0.052453 0.804287 0.043993 0.038353 
0 0.346024 0.773266 0.073886 0.075578 
0 0.487592 0.802876 0.055838 0.058094 
0 0.547377 0.741399 0.056966 0.062606 
0 0.574732 0.685561 0.049633 0.053582 
0 0.434574 0.772702 0.047941 0.040609 
0 0.690919 0.907783 0.043993 0.045685 
0 0.565990 0.983080 0.047941 0.029329 
0 0.914834 0.763113 0.037225 0.036097 
