0 0.856176 0.085730 0.028201 0.038353
0 0.936266 0.086012 0.072194 0.078398
0 0.933164 0.184997 0.078398 0.072194
0 0.981105 0.159334 0.036661 0.036661
0 0.851946 0.205584 0.079526 0.089679
0 0.710096 0.180485 0.082346 0.083474
0 0.866046 0.364354 0.071630 0.071066
0 0.860406 0.443316 0.113367 0.090243
0 0.773548 0.342640 0.079526 0.058094
0 0.576424 0.259729 0.097011 0.095319
0 0.573040 0.378737 0.122955 0.096447
0 0.560914 0.325437 0.055838 0.039481
0 0.587422 0.452059 0.069374 0.061478
0 0.762267 0.545121 0.095319 0.088550
0 0.820643 0.632262 0.073322 0.075578
0 0.656232 0.751833 0.065990 0.075578
0 0.463903 0.652566 0.062606 0.069938
0 0.534123 0.609137 0.062042 0.059786
0 0.228708 0.534969 0.070502 0.047941
0 0.276932 0.386069 0.057530 0.047941
0 0.135928 0.502820 0.071066 0.062606
0 0.172025 0.402143 0.069938 0.068810
0 0.096165 0.390299 0.077270 0.067682
0 0.340948 0.299774 0.082910 0.068246
0 0.328257 0.512408 0.041737 0.056966
