0 0.374788 0.095319 0.035533 0.041737 
0 0.392555 0.194867 0.036097 0.037789 
0 0.112521 0.070784 0.029893 0.028765 
0 0.040045 0.049069 0.029329 0.027073 
0 0.013254 0.083474 0.024253 0.027073 
0 0.032149 0.115059 0.025945 0.031585 
0 0.049633 0.317541 0.033841 0.032713 
0 0.021433 0.401015 0.033841 0.038353 
0 0.212634 0.312465 0.046249 0.041737 
0 0.469543 0.264805 0.088550 0.058094 
0 0.528765 0.394529 0.104343 0.097575 
0 0.577270 0.336153 0.078398 0.074450 
0 0.537225 0.586012 0.068246 0.095883 
0 0.448957 0.590525 0.058658 0.060914 
0 0.392837 0.541173 0.054710 0.086294 
0 0.347716 0.576706 0.070502 0.081782 
0 0.722222 0.650592 0.052453 0.052453 
0 0.589679 0.578680 0.031021 0.062042 
