0 0.902989 0.014382 0.029329 0.025381
0 0.952905 0.093627 0.041173 0.041737
0 0.124083 0.065144 0.024817 0.018613
0 0.097575 0.112803 0.019177 0.021433
0 0.098421 0.079526 0.012972 0.021433
0 0.131698 0.119853 0.020869 0.018613
0 0.258037 0.258037 0.062606 0.064862
0 0.129160 0.270728 0.089114 0.077834
0 0.116751 0.346870 0.098139 0.063170
0 0.053017 0.367456 0.057530 0.070502
0 0.130570 0.443880 0.065990 0.081218
0 0.224478 0.486182 0.062042 0.060914
0 0.374788 0.450085 0.070502 0.072194
0 0.309927 0.567400 0.058094 0.053017
0 0.075014 0.564580 0.023689 0.024817
0 0.086576 0.631134 0.029893 0.024817
0 0.068528 0.690919 0.021997 0.024817
0 0.523407 0.593063 0.066554 0.075014
0 0.575014 0.649464 0.053582 0.058094
0 0.626622 0.679639 0.056402 0.081218
0 0.504230 0.706148 0.049633 0.049633
0 0.437676 0.714326 0.050761 0.036661
0 0.359842 0.701636 0.054146 0.055274
0 0.695149 0.326001 0.021997 0.033841
0 0.673435 0.299492 0.023689 0.030457
0 0.667513 0.331923 0.029893 0.025381
0 0.321771 0.324309 0.055838 0.058658
0 0.655104 0.765651 0.052453 0.051325
0 0.362380 0.767908 0.059222 0.063734
0 0.271574 0.183869 0.020869 0.024817
