0 0.956853 0.142132 0.038917 0.045121 
0 0.988438 0.172871 0.023125 0.040045 
0 0.463339 0.027637 0.043429 0.041737 
0 0.297518 0.350818 0.065990 0.047377 
0 0.389171 0.441906 0.083474 0.088550 
0 0.207276 0.467005 0.094191 0.071066 
0 0.095037 0.562606 0.071630 0.063734 
0 0.176537 0.632262 0.086858 0.090243 
0 0.467569 0.448393 0.056402 0.055274 
0 0.450085 0.508742 0.060914 0.067682 
0 0.549633 0.555556 0.065990 0.062042 
0 0.736605 0.565990 0.060914 0.053582 
0 0.731810 0.622955 0.045685 0.053582 
0 0.671743 0.631416 0.065426 0.076142 
0 0.634518 0.657360 0.037225 0.044557 
0 0.572194 0.656232 0.058094 0.064862 
0 0.475183 0.591089 0.046813 0.057530 
0 0.045121 0.856458 0.056402 0.053582 
0 0.009870 0.926396 0.018613 0.060350 
0 0.416244 0.863226 0.039481 0.035533 
0 0.901015 0.913424 0.027637 0.031021 
0 0.968133 0.938522 0.033277 0.033841 
0 0.941342 0.895093 0.023689 0.033841 
0 0.885505 0.554710 0.031585 0.042301 
