0 0.076142 0.247885 0.019177 0.019741 
0 0.086858 0.280034 0.022561 0.023125 
0 0.554710 0.106881 0.102087 0.103215 
0 0.655668 0.185561 0.073886 0.071066 
0 0.617879 0.248167 0.085166 0.081218 
0 0.666385 0.364354 0.100959 0.086858 
0 0.506486 0.352792 0.067682 0.064862 
0 0.566554 0.400733 0.062606 0.061478 
0 0.522843 0.402425 0.046249 0.049069 
0 0.604625 0.340384 0.054146 0.056966 
0 0.399605 0.296390 0.095319 0.105471 
0 0.545121 0.448111 0.046813 0.029893 
0 0.563452 0.480259 0.049633 0.047941 
0 0.512972 0.509024 0.078398 0.084038 
0 0.575014 0.569374 0.064862 0.070502 
0 0.540891 0.596447 0.051889 0.051325 
0 0.441060 0.611957 0.043993 0.046249 
0 0.510152 0.642978 0.056966 0.033841 
0 0.505922 0.680767 0.062042 0.062042 
0 0.338409 0.672025 0.064298 0.070502 
0 0.505640 0.765087 0.037789 0.040045 
0 0.498872 0.721094 0.053582 0.045685 
0 0.604343 0.757473 0.052453 0.031585 
0 0.639594 0.827411 0.055274 0.050761 
0 0.571066 0.932882 0.060350 0.063170 
0 0.505922 0.902143 0.048505 0.051325 
0 0.473491 0.930908 0.025381 0.024253 
0 0.495770 0.824027 0.032713 0.048505 
0 0.465595 0.829385 0.046813 0.053582 
0 0.423858 0.845460 0.042301 0.055274 
0 0.397067 0.875353 0.056402 0.065426 
0 0.405245 0.804851 0.044557 0.046249 
0 0.358432 0.762549 0.029893 0.031585 
0 0.400169 0.746757 0.027637 0.038353 
0 0.428934 0.744501 0.029893 0.030457 
0 0.382967 0.761985 0.027073 0.036097 
0 0.434292 0.692047 0.084602 0.082346 
0 0.612803 0.706148 0.095319 0.099267 
0 0.583474 0.865200 0.087422 0.078962 
