0 0.098703 0.252679 0.062042 0.064298 
0 0.179921 0.183869 0.062042 0.076706 
0 0.372250 0.446418 0.062042 0.055838 
0 0.285956 0.393965 0.043993 0.047941 
0 0.238015 0.398195 0.049633 0.054146 
0 0.249295 0.450085 0.032713 0.038353 
0 0.291314 0.461929 0.053582 0.022561 
0 0.439368 0.428934 0.045121 0.042301 
0 0.497180 0.292160 0.050197 0.058658 
0 0.533841 0.375635 0.054710 0.041737 
0 0.661027 0.399605 0.036097 0.041173 
0 0.645516 0.434856 0.045685 0.040609 
0 0.756909 0.431472 0.053017 0.039481 
0 0.813311 0.551043 0.075578 0.056402 
0 0.703046 0.324591 0.044557 0.052453 
0 0.729836 0.260293 0.030457 0.042301 
0 0.798646 0.278906 0.056402 0.065990 
0 0.868020 0.247885 0.053017 0.046813 
0 0.884941 0.150592 0.039481 0.050761 
0 0.961365 0.098985 0.050197 0.037789 
0 0.993232 0.028483 0.013536 0.045685 
0 0.993514 0.067964 0.012972 0.031021 
0 0.986182 0.347434 0.023125 0.041737 
0 0.708968 0.590525 0.030457 0.051889 
0 0.599831 0.724760 0.076142 0.064298 
0 0.464467 0.759447 0.070502 0.079526 
0 0.368866 0.750141 0.078962 0.075578 
0 0.386069 0.804569 0.064862 0.021997 
0 0.552171 0.677101 0.039481 0.050197 
0 0.550761 0.289622 0.025381 0.035533 
0 0.376199 0.492104 0.028201 0.036661 
