0 0.558094 0.230118 0.038917 0.036097
0 0.561478 0.301748 0.029893 0.034969
0 0.539763 0.358714 0.054146 0.056402
0 0.534123 0.413706 0.042865 0.045685
0 0.507614 0.411732 0.023689 0.039481
0 0.562606 0.467287 0.038917 0.046813
0 0.613085 0.425832 0.059786 0.057530
0 0.680767 0.402707 0.059786 0.057530
0 0.350818 0.447829 0.086858 0.084602
0 0.256063 0.490412 0.101523 0.086294
0 0.300902 0.610547 0.079526 0.085166
0 0.206712 0.547377 0.072758 0.064862
0 0.532995 0.810491 0.065426 0.081218
0 0.467851 0.862944 0.064862 0.076706
