0 0.001128 0.005922 0.000000 0.001692
0 0.013536 0.014664 0.024817 0.023689
0 0.075860 0.075296 0.024253 0.026509
0 0.115059 0.115341 0.025945 0.032149
0 0.141004 0.113085 0.020305 0.028765
0 0.176819 0.112803 0.025381 0.027073
0 0.261421 0.115341 0.029893 0.027637
0 0.227298 0.146926 0.025945 0.025381
0 0.289058 0.252115 0.033277 0.033841
0 0.295262 0.322335 0.029893 0.029893
0 0.946701 0.058940 0.076142 0.084038
0 0.935420 0.245911 0.055838 0.053017
0 0.333051 0.412860 0.045685 0.042865
0 0.376199 0.396221 0.034969 0.034405
0 0.437958 0.459109 0.043429 0.065426
0 0.397913 0.508460 0.042301 0.054710
0 0.443034 0.537789 0.052453 0.050197
0 0.383531 0.473491 0.045121 0.038917
0 0.576706 0.513254 0.033277 0.038353
0 0.620699 0.470389 0.051325 0.051889
0 0.641004 0.527637 0.026509 0.036661
0 0.669769 0.566836 0.036661 0.034969
0 0.632826 0.434574 0.040609 0.032149
0 0.655386 0.639876 0.034969 0.035533
0 0.626904 0.696560 0.032149 0.033841
0 0.291596 0.598985 0.023689 0.030457
0 0.288494 0.635928 0.024253 0.025381
0 0.356176 0.625494 0.032149 0.025945
0 0.370558 0.608855 0.022561 0.019741
0 0.432318 0.667231 0.026509 0.025945
0 0.460237 0.696277 0.032713 0.025381
0 0.515228 0.736323 0.032149 0.023125
0 0.521715 0.765087 0.036097 0.019741
0 0.451777 0.769882 0.027073 0.030457
0 0.409757 0.783700 0.034405 0.024253
0 0.381557 0.759729 0.024253 0.031585
0 0.442188 0.731810 0.036097 0.024253
0 0.499718 0.705302 0.024817 0.032149
0 0.659898 0.835589 0.029329 0.026509
0 0.658488 0.864072 0.018613 0.022561
0 0.588832 0.862662 0.022561 0.029893
0 0.612239 0.868866 0.015228 0.021997
0 0.630852 0.834743 0.021997 0.023689
0 0.170615 0.359278 0.034405 0.041737
0 0.224760 0.414834 0.031021 0.034405
0 0.267908 0.413142 0.025945 0.031021
0 0.293852 0.412014 0.020305 0.026509
0 0.571348 0.692893 0.036097 0.026509
