0 0.043711 0.089961 0.017484 0.019741
0 0.036097 0.069656 0.016920 0.012972
0 0.018895 0.097011 0.019741 0.014664
0 0.381557 0.035251 0.031021 0.033277
0 0.419628 0.034969 0.019177 0.022561
0 0.440778 0.048505 0.015228 0.019177
0 0.444726 0.083192 0.027637 0.027637
0 0.391991 0.086858 0.029329 0.030457
0 0.363508 0.072476 0.025381 0.027637
0 0.341794 0.076142 0.024817 0.033841
0 0.334743 0.187535 0.028765 0.028765
0 0.517484 0.055274 0.029893 0.042865
0 0.545967 0.058940 0.024817 0.027637
0 0.482798 0.072758 0.019177 0.028201
0 0.525663 0.101241 0.020305 0.024253
0 0.557812 0.139876 0.036097 0.036097
0 0.557248 0.211506 0.030457 0.031585
0 0.520587 0.204738 0.037225 0.039481
0 0.506768 0.135082 0.045685 0.044557
0 0.461929 0.191483 0.039481 0.038917
0 0.459955 0.154822 0.038917 0.029893
0 0.460801 0.212352 0.023689 0.023125
0 0.766215 0.174845 0.032149 0.032713
0 0.842076 0.168641 0.037225 0.034969
0 0.797518 0.147490 0.038353 0.036661
0 0.830231 0.104625 0.039481 0.042301
0 0.859842 0.113931 0.024253 0.030457
0 0.806261 0.076706 0.036661 0.033841
0 0.857022 0.061760 0.029893 0.032149
0 0.824873 0.031303 0.033277 0.026509
0 0.796672 0.038635 0.021997 0.023125
0 0.901015 0.017766 0.032149 0.028765
0 0.852792 0.008742 0.034969 0.016356
0 0.593345 0.361534 0.081218 0.080090
0 0.616751 0.421884 0.068246 0.055274
0 0.618725 0.545121 0.084602 0.087422
0 0.592781 0.501692 0.072194 0.069374
0 0.517484 0.473773 0.100959 0.107163
0 0.490976 0.371122 0.094191 0.091371
0 0.402989 0.455161 0.042301 0.037225
0 0.356458 0.492104 0.086858 0.089679
0 0.502820 0.602933 0.080654 0.087986
0 0.557812 0.591371 0.050761 0.064862
0 0.861816 0.827129 0.036097 0.035533
0 0.120135 0.695431 0.040609 0.036097
0 0.080654 0.764805 0.047377 0.037225
0 0.056120 0.745347 0.042301 0.032149
0 0.169487 0.472645 0.029893 0.029329
0 0.197688 0.446136 0.026509 0.030457
0 0.152848 0.485618 0.023689 0.022561
0 0.198816 0.400169 0.035533 0.034405
0 0.189791 0.349408 0.036661 0.028765
0 0.138466 0.385787 0.040045 0.036097
0 0.142696 0.428370 0.034969 0.035533
0 0.112521 0.412578 0.024253 0.024253
0 0.452905 0.458827 0.041737 0.051325
0 0.039481 0.279188 0.023689 0.018049
0 0.076424 0.276086 0.021997 0.019741
0 0.126058 0.244783 0.016356 0.021433
0 0.029893 0.306825 0.021433 0.022561
