0 0.217428 0.022843 0.040045 0.041173
0 0.280316 0.070784 0.039481 0.054710
0 0.317259 0.080090 0.026509 0.046249
0 0.244783 0.050197 0.020305 0.025945
0 0.195149 0.069092 0.036097 0.053582
0 0.495770 0.216018 0.066554 0.072194
0 0.394247 0.313311 0.087986 0.109983
0 0.622673 0.454033 0.066554 0.086858
0 0.688099 0.468415 0.039481 0.050197
0 0.618161 0.505640 0.040609 0.049069
0 0.485054 0.430626 0.078962 0.099831
0 0.544839 0.402143 0.036097 0.062042
0 0.389453 0.458827 0.064862 0.084038
0 0.351664 0.379301 0.054710 0.060350
0 0.331359 0.414834 0.051325 0.078398
0 0.028483 0.413706 0.027637 0.026509
0 0.019741 0.441624 0.015792 0.019177
0 0.068528 0.461365 0.023125 0.027073
0 0.195713 0.733785 0.045121 0.056402
0 0.245347 0.726170 0.042865 0.040045
0 0.141286 0.963339 0.036661 0.029329
0 0.048787 0.861816 0.032149 0.032713
0 0.058940 0.891427 0.019741 0.029893
0 0.086294 0.859560 0.023689 0.022561
0 0.083192 0.886351 0.021997 0.021997
0 0.426396 0.744219 0.038353 0.038917
0 0.559504 0.285674 0.027073 0.028765
