0 0.435420 0.021151 0.036097 0.035533
0 0.484208 0.065144 0.032149 0.036661
0 0.935138 0.122109 0.048505 0.058094
0 0.322335 0.170333 0.056966 0.060914
0 0.374788 0.181613 0.036661 0.033841
0 0.421884 0.191765 0.042865 0.039481
0 0.384377 0.250987 0.054710 0.060914
0 0.695713 0.459955 0.040045 0.049069
0 0.861252 0.494078 0.033841 0.047377
0 0.567400 0.375635 0.058658 0.098139
0 0.488156 0.364072 0.069374 0.071630
0 0.524253 0.409475 0.031021 0.030457
0 0.625776 0.344332 0.033277 0.044557
0 0.451495 0.452341 0.043429 0.045121
0 0.375353 0.445572 0.042301 0.060914
0 0.466159 0.497180 0.041173 0.034405
0 0.413706 0.426960 0.027637 0.046249
0 0.806825 0.868302 0.053582 0.059222
0 0.844332 0.948957 0.087986 0.102087
0 0.972363 0.947265 0.050761 0.088550
0 0.917090 0.950931 0.053017 0.054146
0 0.934010 0.822617 0.054146 0.033277
