0 0.024817 0.197406 0.041737 0.042865 
0 0.093627 0.221094 0.040609 0.045121 
0 0.137620 0.214608 0.032713 0.038917 
0 0.078962 0.254371 0.037225 0.040609 
0 0.422166 0.261421 0.045685 0.058094 
0 0.551607 0.203892 0.047377 0.050197 
0 0.929498 0.172871 0.032713 0.040045 
0 0.965031 0.172025 0.029329 0.027073 
0 0.527073 0.392555 0.068246 0.084602 
0 0.467851 0.393119 0.049069 0.059786 
0 0.719684 0.411450 0.064298 0.056966 
0 0.714044 0.474901 0.068810 0.066554 
0 0.567400 0.538071 0.051889 0.073322 
0 0.468133 0.529611 0.049633 0.053017 
0 0.737451 0.611393 0.063734 0.076706 
0 0.877327 0.660745 0.051325 0.053582 
0 0.191201 0.503666 0.069938 0.066554 
0 0.047095 0.729272 0.033277 0.032713 
0 0.147208 0.824591 0.054146 0.068810 
0 0.528201 0.946701 0.038917 0.049069 
0 0.512690 0.982516 0.041737 0.033841 
0 0.660462 0.986182 0.056402 0.025381 
0 0.781162 0.980259 0.057530 0.037225 
