0 0.526509 0.036379 0.032149 0.034405
0 0.530457 0.080654 0.031021 0.031585
0 0.563452 0.073604 0.024817 0.024253
0 0.485054 0.055556 0.030457 0.027637
0 0.476875 0.087986 0.020869 0.022561
0 0.472645 0.118443 0.027073 0.028201
0 0.451213 0.098421 0.029329 0.025381
0 0.461365 0.158206 0.029329 0.027637
0 0.428934 0.133108 0.032149 0.032713
0 0.396503 0.160462 0.027073 0.027637
0 0.400733 0.196842 0.026509 0.025945
0 0.372532 0.169487 0.026509 0.032149
0 0.421602 0.173717 0.024253 0.024817
0 0.376481 0.247321 0.034405 0.031021
0 0.411450 0.274112 0.032149 0.025945
0 0.497462 0.201918 0.024817 0.015792
0 0.729836 0.046813 0.041737 0.025945
0 0.676537 0.057530 0.034405 0.029329
0 0.679921 0.088832 0.031021 0.032149
0 0.752115 0.091653 0.034405 0.032149
0 0.773548 0.097293 0.029893 0.035533
0 0.688945 0.191201 0.029893 0.029329
0 0.698534 0.212352 0.026509 0.020869
0 0.625776 0.198252 0.027637 0.026509
0 0.808235 0.181895 0.024817 0.020869
0 0.851946 0.181895 0.031021 0.031021
0 0.843768 0.216018 0.031585 0.025945
0 0.872814 0.226170 0.024253 0.023689
0 0.792442 0.216864 0.023689 0.021997
0 0.788776 0.186971 0.016356 0.020869
0 0.742809 0.286238 0.022561 0.036661
0 0.774676 0.299492 0.041173 0.038353
0 0.849972 0.296390 0.050761 0.055838
0 0.912014 0.335307 0.042865 0.045685
0 0.935420 0.381275 0.055838 0.053017
0 0.852510 0.356740 0.056966 0.050197
0 0.853920 0.402425 0.056402 0.047941
0 0.776086 0.347434 0.064298 0.053017
0 0.749859 0.399887 0.035533 0.025945
0 0.670897 0.454597 0.035533 0.029329
0 0.670897 0.493514 0.036661 0.028201
0 0.741117 0.493232 0.039481 0.034405
0 0.796390 0.516356 0.045121 0.038917
0 0.794698 0.551607 0.032713 0.023689
0 0.845460 0.568528 0.037225 0.041737
0 0.874788 0.531867 0.016920 0.021433
0 0.893119 0.538917 0.012972 0.015228
0 0.906373 0.561478 0.015792 0.016356
0 0.976593 0.542301 0.014100 0.023125
0 0.963057 0.522843 0.020869 0.016920
0 0.993232 0.536943 0.012408 0.019177
0 0.989566 0.518613 0.012972 0.014100
0 0.798928 0.638748 0.016356 0.017484
0 0.838409 0.726170 0.025381 0.025381
0 0.863508 0.728426 0.022561 0.023125
0 0.842076 0.757473 0.023689 0.024817
0 0.815285 0.745065 0.023125 0.027073
0 0.781444 0.728144 0.020869 0.018049
0 0.896221 0.889735 0.023689 0.017484
0 0.089397 0.245629 0.023125 0.020869
0 0.055838 0.239143 0.023689 0.022561
0 0.023971 0.246475 0.019741 0.015792
0 0.047659 0.260011 0.020869 0.018049
0 0.061196 0.284828 0.025381 0.021433
0 0.100959 0.289622 0.014664 0.017484
0 0.009870 0.272138 0.015228 0.018613
0 0.141850 0.299492 0.019741 0.016920
0 0.168359 0.325155 0.029893 0.025381
0 0.143260 0.342076 0.046249 0.046813
0 0.202200 0.379019 0.042301 0.041737
0 0.255781 0.390299 0.036661 0.032713
0 0.225324 0.345178 0.041173 0.040609
0 0.131416 0.393401 0.045121 0.046813
0 0.132826 0.434010 0.037789 0.038917
0 0.052171 0.449803 0.024253 0.026509
0 0.058658 0.433728 0.019177 0.018049
0 0.017484 0.442188 0.016920 0.016920
0 0.018895 0.477157 0.025381 0.027073
0 0.177665 0.473491 0.038353 0.025381
0 0.084602 0.455725 0.021433 0.021433
0 0.106035 0.458263 0.029329 0.023125
0 0.102651 0.429780 0.015792 0.016920
0 0.306261 0.475465 0.039481 0.036097
0 0.278342 0.485336 0.028765 0.023125
0 0.167795 0.566554 0.029893 0.026509
0 0.121263 0.594473 0.027073 0.024817
0 0.265651 0.612803 0.042865 0.041173
0 0.236887 0.617315 0.020305 0.027637
0 0.325719 0.602369 0.036661 0.032713
0 0.329385 0.627186 0.038353 0.023689
0 0.375635 0.625776 0.042865 0.040045
0 0.353356 0.681049 0.035533 0.032149
0 0.305697 0.682741 0.041737 0.046813
0 0.262831 0.671179 0.040609 0.037225
0 0.241963 0.697406 0.041737 0.043429
0 0.233503 0.659616 0.027073 0.025381
0 0.481669 0.956007 0.037225 0.034969
0 0.424422 0.976311 0.037789 0.034969
0 0.086012 0.982234 0.034405 0.027637
