0 0.223068 0.046531 0.019741 0.019741
0 0.238015 0.038071 0.012408 0.015228
0 0.218274 0.024817 0.016920 0.015792
0 0.201072 0.073322 0.019741 0.019177
0 0.200508 0.052171 0.017484 0.011844
0 0.084602 0.117879 0.019177 0.019177
0 0.070784 0.131980 0.018613 0.018049
0 0.048223 0.124647 0.019741 0.022561
0 0.067964 0.084602 0.020869 0.018049
0 0.048787 0.082628 0.016356 0.020869
0 0.084884 0.055838 0.020869 0.015792
0 0.203328 0.192611 0.014100 0.012972
0 0.188945 0.201918 0.012408 0.018049
0 0.173717 0.209250 0.021433 0.019177
0 0.093345 0.183305 0.015228 0.016920
0 0.078680 0.190355 0.010716 0.015228
0 0.497180 0.023407 0.021997 0.025381
0 0.484208 0.038353 0.020869 0.022561
0 0.417936 0.062888 0.031585 0.038917
0 0.388889 0.073604 0.023125 0.019741
0 0.386069 0.103497 0.021997 0.035533
0 0.358432 0.100395 0.029893 0.037225
0 0.417090 0.102933 0.024253 0.027637
0 0.467851 0.142132 0.015228 0.037225
0 0.395093 0.175691 0.024253 0.023125
0 0.393119 0.154258 0.023689 0.017484
0 0.374788 0.175127 0.011844 0.021997
0 0.388607 0.245347 0.031585 0.028201
0 0.372250 0.223914 0.023689 0.022561
0 0.333897 0.273830 0.037225 0.040045
0 0.369148 0.289058 0.028765 0.027637
0 0.377891 0.312747 0.033841 0.024253
0 0.332487 0.236323 0.032149 0.027073
0 0.304851 0.275804 0.020869 0.031585
0 0.332487 0.319233 0.036661 0.031585
0 0.303723 0.342358 0.018613 0.021433
0 0.335025 0.347716 0.019177 0.017484
0 0.304287 0.371686 0.015228 0.020305
0 0.289904 0.376481 0.013536 0.012972
0 0.258037 0.363790 0.014100 0.016920
0 0.266779 0.388043 0.014664 0.013536
0 0.242527 0.434292 0.018049 0.016920
0 0.246193 0.453187 0.019741 0.014100
0 0.174845 0.405527 0.021433 0.021433
0 0.148054 0.403553 0.018613 0.017484
0 0.133390 0.421884 0.021997 0.020305
0 0.137056 0.442752 0.014664 0.016920
0 0.155386 0.432882 0.015228 0.012972
0 0.190919 0.438522 0.021997 0.017484
0 0.186125 0.456007 0.020305 0.017484
0 0.210660 0.461365 0.019741 0.015792
0 0.166949 0.474901 0.029329 0.028201
0 0.193175 0.494078 0.026509 0.015792
0 0.243655 0.514382 0.031585 0.019177
0 0.196842 0.515510 0.039481 0.029329
0 0.235477 0.539199 0.037789 0.030457
0 0.238861 0.574450 0.033277 0.028765
0 0.179921 0.546531 0.032713 0.029329
0 0.154822 0.520305 0.032149 0.025381
0 0.140158 0.551325 0.037789 0.037789
0 0.168923 0.582910 0.032149 0.032149
0 0.325155 0.584602 0.027637 0.031021
0 0.327975 0.588550 0.027637 0.031021
0 0.286802 0.564016 0.026509 0.023689
0 0.276086 0.596165 0.027637 0.034969
0 0.819797 0.028765 0.035533 0.039481
0 0.801184 0.066554 0.029893 0.032713
0 0.738297 0.031021 0.025945 0.031585
0 0.761421 0.009306 0.036097 0.015228
0 0.681895 0.117879 0.027073 0.030457
0 0.655104 0.091935 0.032149 0.034969
0 0.691201 0.164411 0.031021 0.029893
0 0.657924 0.168359 0.033277 0.038917
0 0.624365 0.134236 0.040609 0.049633
0 0.622955 0.107163 0.033277 0.012408
0 0.592499 0.105189 0.029893 0.027637
0 0.571912 0.133108 0.030457 0.037225
0 0.592781 0.192893 0.040609 0.036097
0 0.548223 0.151720 0.030457 0.037225
0 0.551043 0.221094 0.040609 0.042865
0 0.523689 0.198252 0.031021 0.040045
0 0.692047 0.295826 0.086858 0.075014
0 0.669205 0.229554 0.072758 0.064298
0 0.724760 0.214608 0.054146 0.056966
0 0.784546 0.258037 0.072194 0.076142
0 0.791878 0.332487 0.069938 0.071630
0 0.720812 0.363508 0.063170 0.058094
0 0.705584 0.400451 0.065426 0.048505
0 0.644106 0.343204 0.071066 0.070502
0 0.628314 0.306261 0.045121 0.029329
0 0.538917 0.710096 0.034405 0.032713
0 0.552453 0.686125 0.033277 0.029893
0 0.573040 0.747321 0.040609 0.039481
0 0.584038 0.778906 0.044557 0.030457
0 0.545403 0.802030 0.040609 0.038353
0 0.500282 0.782008 0.048505 0.044557
0 0.498590 0.816977 0.041737 0.029893
0 0.452905 0.769318 0.041737 0.042865
0 0.492104 0.722222 0.043429 0.041173
0 0.483080 0.699098 0.033277 0.027637
0 0.211224 0.827975 0.037789 0.031585
0 0.156232 0.793570 0.040609 0.040609
0 0.124647 0.760293 0.036097 0.032713
0 0.095601 0.766779 0.034405 0.031021
0 0.093345 0.808235 0.043429 0.038353
0 0.126904 0.845742 0.038353 0.034405
0 0.154540 0.902425 0.016920 0.016920
0 0.147208 0.891991 0.020305 0.018613
0 0.161027 0.936830 0.016356 0.012408
0 0.146080 0.920192 0.013536 0.014100
0 0.103497 0.709814 0.026509 0.024253
0 0.036661 0.741963 0.020305 0.020869
0 0.021433 0.695149 0.025945 0.016356
0 0.540891 0.766497 0.034969 0.029329
0 0.014664 0.425550 0.019177 0.014100
0 0.011844 0.514382 0.018049 0.015792
0 0.008178 0.540045 0.015228 0.016356
0 0.011280 0.472927 0.014664 0.014100
0 0.010716 0.448675 0.013536 0.010716
