0 0.066836 0.014382 0.028765 0.018613 
0 0.090807 0.106881 0.021433 0.029893 
0 0.018613 0.114495 0.024817 0.022561 
0 0.033841 0.142132 0.020305 0.022561 
0 0.040609 0.227862 0.025945 0.021433 
0 0.091653 0.245911 0.036661 0.037225 
0 0.233785 0.223068 0.015228 0.015228 
0 0.255217 0.218838 0.020869 0.019177 
0 0.278624 0.207276 0.023689 0.024253 
0 0.272984 0.185561 0.016920 0.019177 
0 0.311619 0.189791 0.023125 0.023125 
0 0.268190 0.012972 0.043429 0.024817 
0 0.311619 0.048505 0.029893 0.030457 
0 0.297518 0.027637 0.026509 0.034969 
0 0.348280 0.018613 0.037789 0.032713 
0 0.338973 0.089114 0.022561 0.027073 
0 0.541455 0.119853 0.027073 0.024253 
0 0.587140 0.042019 0.033841 0.041173 
0 0.880993 0.014664 0.039481 0.024817 
0 0.925268 0.112239 0.029893 0.031585 
0 0.869430 0.170615 0.017484 0.023125 
0 0.914552 0.191201 0.026509 0.030457 
0 0.959109 0.232939 0.036661 0.031585 
0 0.507614 0.232657 0.028201 0.036661 
0 0.472645 0.280316 0.040609 0.055274 
0 0.494924 0.307107 0.029893 0.036661 
0 0.418218 0.308799 0.035533 0.036661 
0 0.363508 0.291596 0.037789 0.039481 
0 0.324027 0.272702 0.034405 0.029893 
0 0.289340 0.359278 0.029329 0.018049 
0 0.290468 0.453751 0.031585 0.031021 
0 0.252397 0.459391 0.036661 0.036661 
0 0.220812 0.466159 0.019741 0.031021 
0 0.212070 0.445290 0.024817 0.031021 
0 0.427806 0.404963 0.032149 0.030457 
0 0.485900 0.463339 0.025381 0.033277 
0 0.487874 0.510434 0.034969 0.032713 
0 0.438804 0.469261 0.037225 0.041737 
0 0.509024 0.591653 0.045685 0.041737 
0 0.941060 0.480823 0.045685 0.044557 
0 0.994642 0.413424 0.010716 0.039481 
0 0.495206 0.657642 0.036097 0.043993 
0 0.450367 0.646362 0.042301 0.065426 
0 0.453469 0.688381 0.032713 0.021997 
0 0.340384 0.885505 0.053582 0.055274 
0 0.398477 0.855612 0.050197 0.064298 
0 0.722222 0.755781 0.043429 0.048505 
0 0.765933 0.796390 0.042865 0.042865 
0 0.597011 0.945008 0.038917 0.044557 
0 0.565144 0.950085 0.025945 0.031021 
0 0.642978 0.944162 0.036097 0.039481 
0 0.110829 0.814721 0.033277 0.033277 
0 0.300902 0.532431 0.028765 0.039481 
0 0.227580 0.326565 0.025381 0.027073 
