0 0.103215 0.192893 0.039481 0.041737
0 0.133954 0.190073 0.026509 0.029329
0 0.147490 0.219120 0.027637 0.025381
0 0.115341 0.239143 0.042301 0.039481
0 0.058658 0.191201 0.033841 0.022561
0 0.067682 0.221940 0.032713 0.025381
0 0.034123 0.250705 0.038917 0.043429
0 0.141568 0.289622 0.045121 0.031021
0 0.097011 0.278060 0.037225 0.020305
0 0.081218 0.304005 0.039481 0.033841
0 0.053582 0.343204 0.039481 0.036661
0 0.053299 0.378173 0.044557 0.033277
0 0.193739 0.305697 0.037789 0.027073
0 0.200790 0.265651 0.034969 0.022561
0 0.323463 0.190637 0.053582 0.056402
0 0.388043 0.199944 0.037225 0.036661
0 0.373096 0.252115 0.032149 0.036097
0 0.415680 0.283982 0.038353 0.029893
0 0.387197 0.317541 0.038917 0.028201
0 0.344332 0.277496 0.055838 0.058658
0 0.296108 0.245629 0.040609 0.033277
0 0.286238 0.293288 0.050197 0.041737
0 0.274958 0.219684 0.051325 0.035533
0 0.360970 0.201354 0.020305 0.040609
0 0.586012 0.338973 0.054146 0.048505
0 0.553582 0.329667 0.025381 0.041173
0 0.656232 0.329949 0.042301 0.038353
0 0.663283 0.400451 0.048505 0.049633
0 0.588550 0.399605 0.043429 0.041173
0 0.524535 0.391427 0.043993 0.040609
0 0.573604 0.443316 0.047377 0.040609
0 0.626622 0.433728 0.032713 0.036097
0 0.539199 0.570220 0.058658 0.063170
0 0.463903 0.542583 0.069374 0.072194
0 0.400733 0.531585 0.051325 0.044557
0 0.400451 0.579526 0.049633 0.044557
0 0.519741 0.484490 0.052453 0.054146
0 0.611111 0.527355 0.052453 0.058658
0 0.556120 0.535251 0.053017 0.043993
0 0.565990 0.501128 0.042301 0.032149
0 0.598985 0.570784 0.051889 0.040609
0 0.587986 0.630852 0.050197 0.056966
0 0.617315 0.656796 0.033277 0.041173
0 0.644388 0.640722 0.028765 0.021433
0 0.528765 0.668641 0.055838 0.060350
0 0.537507 0.734631 0.067682 0.067118
0 0.462211 0.665539 0.064862 0.075578
0 0.406937 0.667231 0.052453 0.062042
0 0.983080 0.260575 0.020305 0.022561
0 0.983362 0.289622 0.018613 0.017484
0 0.949239 0.258601 0.022561 0.019741
0 0.963057 0.245629 0.018613 0.023125
0 0.641286 0.237169 0.020305 0.026509
0 0.639876 0.265933 0.024253 0.019741
0 0.617879 0.252961 0.025381 0.021997
0 0.594191 0.143824 0.017484 0.022561
