0 0.202200 0.035815 0.102087 0.065990 
0 0.293006 0.451213 0.106599 0.126340 
0 0.473209 0.543711 0.095883 0.098139 
0 0.448957 0.170333 0.073322 0.082346 
0 0.555556 0.400169 0.065426 0.072758 
0 0.571912 0.485336 0.058658 0.047941 
0 0.556402 0.525381 0.053582 0.043429 
0 0.394811 0.446701 0.063170 0.053017 
0 0.386069 0.384659 0.045685 0.049633 
0 0.061478 0.588832 0.078962 0.049633 
0 0.325719 0.374788 0.072758 0.067118 
0 0.509024 0.601523 0.064862 0.077270 
0 0.663847 0.757473 0.090243 0.089114 
0 0.054146 0.853356 0.038353 0.031585 
0 0.074732 0.944162 0.038917 0.037225 
0 0.068810 0.892555 0.032713 0.034405 
0 0.015792 0.864072 0.027073 0.055274 
0 0.157078 0.955725 0.032149 0.033277 
