0 0.091371 0.074732 0.038353 0.035533 
0 0.109137 0.057248 0.028765 0.036661 
0 0.415680 0.313593 0.130852 0.148900 
0 0.531585 0.439932 0.062606 0.071066 
0 0.490130 0.371122 0.039481 0.059786 
0 0.416244 0.416244 0.131980 0.109419 
0 0.364354 0.436266 0.071066 0.104343 
0 0.431472 0.504794 0.071066 0.051889 
0 0.500282 0.557248 0.036097 0.042865 
0 0.028483 0.079526 0.029893 0.023689 
0 0.203046 0.536661 0.036097 0.038917 
0 0.158770 0.660180 0.047941 0.050197 
0 0.159898 0.543711 0.045685 0.062042 
0 0.880993 0.602651 0.033841 0.046813 
0 0.883813 0.557812 0.034969 0.033841 
0 0.816977 0.630570 0.034405 0.040609 
0 0.512690 0.820925 0.046249 0.051325 
0 0.532995 0.848844 0.042865 0.050761 
0 0.172589 0.838691 0.058658 0.071066 
0 0.969261 0.166667 0.046813 0.035533 
0 0.986746 0.203610 0.021997 0.036097 
