0 0.610547 0.225042 0.077270 0.071066 
0 0.545121 0.274112 0.053582 0.066554 
0 0.595601 0.343486 0.064298 0.068810 
0 0.642414 0.284828 0.045121 0.043993 
0 0.644106 0.325719 0.023689 0.033277 
0 0.529611 0.412860 0.060914 0.069938 
0 0.638748 0.491540 0.058094 0.059222 
0 0.583474 0.567964 0.051325 0.062042 
0 0.846588 0.247039 0.029329 0.029329 
0 0.908065 0.282854 0.039481 0.041173 
0 0.182177 0.834461 0.038353 0.040045 
0 0.117315 0.858996 0.060914 0.039481 
0 0.219402 0.952905 0.030457 0.033277 
0 0.372814 0.450085 0.031585 0.029329 
0 0.619853 0.564580 0.015792 0.039481 
