0 0.274112 0.101805 0.016920 0.020869
0 0.196277 0.217146 0.019177 0.025945
0 0.121263 0.309927 0.016920 0.023125
0 0.175409 0.283418 0.014664 0.018613
0 0.204174 0.307671 0.023689 0.020869
0 0.159052 0.312747 0.022561 0.017484
0 0.100113 0.282572 0.021997 0.016920
0 0.203892 0.255217 0.014100 0.019741
0 0.018049 0.608855 0.018049 0.028765
0 0.038071 0.617879 0.015228 0.021997
0 0.071630 0.638184 0.014664 0.023125
0 0.055838 0.641568 0.022561 0.020869
0 0.101523 0.606599 0.019177 0.025381
0 0.083192 0.557812 0.024253 0.023689
0 0.046531 0.583756 0.011844 0.019177
0 0.147208 0.631980 0.024817 0.023125
0 0.213480 0.602651 0.023125 0.020869
0 0.182459 0.581218 0.023125 0.026509
0 0.247039 0.564862 0.027073 0.024253
0 0.172589 0.550479 0.023689 0.025945
0 0.152566 0.508460 0.025381 0.028765
0 0.153130 0.477439 0.026509 0.025381
0 0.274958 0.507896 0.028765 0.024253
0 0.345178 0.504794 0.029329 0.027073
0 0.357868 0.449521 0.021997 0.029329
0 0.306825 0.471517 0.039481 0.037225
0 0.302030 0.376199 0.035533 0.031585
0 0.359842 0.409193 0.046249 0.037789
0 0.389735 0.381839 0.041737 0.029329
0 0.449239 0.376199 0.044557 0.036097
0 0.492668 0.351664 0.037789 0.033277
0 0.460237 0.429780 0.033841 0.040609
0 0.490976 0.421884 0.031021 0.032713
0 0.442752 0.460519 0.034969 0.037789
0 0.478003 0.540045 0.035533 0.040045
0 0.443316 0.558376 0.028201 0.028201
0 0.371404 0.657924 0.027637 0.029893
0 0.367456 0.703328 0.036661 0.032713
0 0.275240 0.705302 0.034969 0.027637
0 0.231810 0.718274 0.038353 0.021997
0 0.210096 0.752397 0.032149 0.028201
0 0.296954 0.808799 0.035533 0.038353
0 0.448111 0.644388 0.041173 0.035533
0 0.409193 0.611675 0.026509 0.024253
0 0.565144 0.671461 0.033841 0.032149
0 0.645798 0.640158 0.039481 0.038353
0 0.544839 0.585448 0.047377 0.036097
0 0.618443 0.603497 0.045685 0.028201
0 0.621263 0.503384 0.045685 0.040045
0 0.575578 0.510716 0.027637 0.026509
0 0.550197 0.467851 0.040045 0.032149
0 0.571066 0.439932 0.031021 0.023689
0 0.637056 0.417372 0.038917 0.028201
0 0.978003 0.696842 0.041737 0.032149
0 0.489002 0.642978 0.032713 0.025945
