0 0.018613 0.370276 0.031585 0.056966
0 0.685279 0.055274 0.045121 0.040609
0 0.578962 0.022843 0.047941 0.041173
0 0.549915 0.076988 0.055274 0.056966
0 0.533277 0.020305 0.042301 0.036097
0 0.478285 0.146362 0.048505 0.063734
0 0.402989 0.190919 0.047941 0.040045
0 0.642978 0.159334 0.046249 0.055838
0 0.716864 0.233785 0.053017 0.051325
0 0.850536 0.291878 0.040609 0.045685
0 0.598421 0.286520 0.054146 0.050761
0 0.545967 0.249013 0.046249 0.042301
0 0.698534 0.113367 0.047941 0.022561
0 0.331641 0.411168 0.069938 0.085730
0 0.445572 0.405809 0.069938 0.081782
0 0.624083 0.383249 0.064862 0.068246
0 0.717146 0.570220 0.077270 0.060914
0 0.716018 0.510716 0.055838 0.046813
0 0.463339 0.549351 0.064862 0.062042
0 0.400451 0.580936 0.060914 0.068810
0 0.388325 0.711506 0.049069 0.058094
0 0.274958 0.828539 0.043429 0.039481
0 0.163847 0.726170 0.044557 0.041173
0 0.803440 0.876199 0.056966 0.059222
0 0.083756 0.682741 0.043429 0.044557
0 0.584038 0.923858 0.053582 0.033841
0 0.450931 0.975183 0.036661 0.045121
0 0.202482 0.905527 0.042865 0.040045
