0 0.617315 0.040045 0.117879 0.073322
0 0.553582 0.145234 0.123519 0.114495
0 0.723350 0.221094 0.081782 0.053017
0 0.705302 0.390017 0.041173 0.031021
0 0.707840 0.364354 0.028201 0.025945
0 0.519459 0.088268 0.065426 0.045685
0 0.179075 0.415116 0.067118 0.059786
0 0.205866 0.459109 0.120699 0.101523
0 0.860970 0.531585 0.084038 0.081782
0 0.790750 0.723068 0.118443 0.104907
0 0.593909 0.650028 0.074450 0.067118
0 0.572476 0.758319 0.086858 0.089679
0 0.483362 0.741963 0.072194 0.055838
0 0.478285 0.802876 0.059786 0.065990
0 0.364072 0.980541 0.042301 0.035533
