0 0.577552 0.126622 0.030457 0.028765 
0 0.558658 0.175127 0.026509 0.033277 
0 0.611393 0.100677 0.020305 0.036661 
0 0.639594 0.161309 0.023689 0.029329 
0 0.728708 0.072476 0.025945 0.031021 
0 0.761139 0.077552 0.021997 0.038917 
0 0.749295 0.114213 0.024253 0.034405 
0 0.801748 0.219120 0.025381 0.033277 
0 0.792724 0.183305 0.028765 0.031585 
0 0.955161 0.280598 0.031021 0.026509 
0 0.915680 0.299210 0.028765 0.028765 
0 0.920192 0.354202 0.025381 0.032713 
0 0.372250 0.143260 0.023689 0.028201 
0 0.161027 0.245347 0.021997 0.024817 
0 0.134800 0.251269 0.023689 0.026509 
0 0.929498 0.413424 0.032713 0.030457 
0 0.825155 0.457417 0.020305 0.024817 
0 0.801748 0.634800 0.029893 0.035533 
0 0.748449 0.581218 0.034969 0.031021 
0 0.863790 0.560632 0.033277 0.032713 
0 0.821771 0.588268 0.033841 0.041737 
0 0.603779 0.466441 0.085166 0.082346 
0 0.527919 0.382967 0.083474 0.076706 
0 0.481669 0.510152 0.086858 0.104343 
0 0.395375 0.536943 0.083474 0.080090 
0 0.417372 0.623801 0.085730 0.083474 
0 0.474337 0.699944 0.067682 0.072194 
0 0.519459 0.604061 0.071066 0.093627 
0 0.602651 0.567682 0.069374 0.090807 
