0 0.463339 0.049069 0.034405 0.031585
0 0.347716 0.089679 0.037789 0.032713
0 0.326283 0.097575 0.019741 0.024817
0 0.276932 0.023407 0.031585 0.038917
0 0.471799 0.186125 0.014100 0.023689
0 0.445290 0.192893 0.019741 0.022561
0 0.910321 0.022561 0.028201 0.028201
0 0.919910 0.052171 0.030457 0.026509
0 0.909757 0.095883 0.028201 0.030457
0 0.838691 0.117315 0.023689 0.029329
0 0.815567 0.129442 0.016920 0.020869
0 0.282572 0.314439 0.043993 0.044557
0 0.251551 0.302030 0.020305 0.023125
0 0.400733 0.312465 0.055838 0.049633
0 0.394811 0.349126 0.031585 0.022561
0 0.338409 0.356740 0.050761 0.043429
0 0.356740 0.403271 0.042301 0.037225
0 0.512408 0.454033 0.044557 0.046249
0 0.362380 0.506768 0.044557 0.032149
0 0.353920 0.655104 0.044557 0.047941
0 0.424704 0.722504 0.034969 0.053017
0 0.489284 0.687817 0.049069 0.056966
0 0.480823 0.757473 0.038917 0.036097
0 0.508178 0.785110 0.023689 0.022561
0 0.520869 0.811337 0.032149 0.032149
0 0.438522 0.826565 0.024253 0.017484
0 0.285110 0.621545 0.044557 0.042865
0 0.199098 0.643260 0.018049 0.019741
0 0.219966 0.650310 0.016920 0.016920
0 0.200226 0.662155 0.019177 0.016920
0 0.175409 0.643260 0.028201 0.015228
0 0.184715 0.620135 0.027637 0.017484
0 0.252115 0.626340 0.023689 0.024253
0 0.270164 0.784264 0.024817 0.034405
0 0.256909 0.818387 0.027637 0.021433
0 0.242245 0.805133 0.018613 0.027637
0 0.214890 0.791314 0.029329 0.037225
0 0.223914 0.745065 0.036097 0.023689
0 0.140722 0.762267 0.026509 0.021997
0 0.107445 0.777496 0.025381 0.027637
0 0.112239 0.748167 0.030457 0.021997
0 0.091371 0.773548 0.016920 0.024253
0 0.059504 0.725606 0.032149 0.029893
0 0.394529 0.896503 0.028765 0.025381
0 0.319797 0.935138 0.037225 0.029329
0 0.283700 0.957981 0.027073 0.029893
0 0.248449 0.942188 0.032149 0.035533
0 0.243937 0.910321 0.028765 0.027073
0 0.274394 0.885223 0.031021 0.028765
0 0.791314 0.872532 0.037225 0.040609
0 0.818669 0.921320 0.032149 0.034405
0 0.871404 0.946136 0.048505 0.054710
0 0.353074 0.743937 0.024817 0.028201
0 0.406937 0.639876 0.045685 0.020869
0 0.976593 0.874224 0.043429 0.045121
