0 0.164693 0.078398 0.027073 0.030457 
0 0.200508 0.095601 0.024253 0.021997 
0 0.263395 0.011280 0.040609 0.018049 
0 0.311901 0.016074 0.031585 0.026509 
0 0.280034 0.045685 0.037789 0.027073 
0 0.395093 0.041737 0.035533 0.032713 
0 0.457417 0.050479 0.023689 0.026509 
0 0.449239 0.023689 0.026509 0.020305 
0 0.477439 0.020587 0.027637 0.026509 
0 0.352510 0.076142 0.033841 0.034969 
0 0.369430 0.136210 0.032713 0.020869 
0 0.323181 0.124365 0.040609 0.040045 
0 0.702482 0.167795 0.027637 0.032149 
0 0.657360 0.161309 0.024253 0.030457 
0 0.624365 0.158770 0.025945 0.025381 
0 0.601241 0.179075 0.022561 0.023125 
0 0.668641 0.245911 0.031021 0.030457 
0 0.642132 0.295262 0.025381 0.027637 
0 0.568810 0.247885 0.019741 0.027637 
0 0.929780 0.141568 0.034405 0.031585 
0 0.875635 0.155386 0.029893 0.025381 
0 0.892837 0.202482 0.029329 0.022561 
0 0.874506 0.258601 0.023125 0.025381 
0 0.904963 0.419064 0.049069 0.049633 
0 0.961083 0.450649 0.046249 0.034969 
0 0.867456 0.538917 0.059786 0.049069 
0 0.935420 0.535815 0.055838 0.050761 
0 0.979131 0.563170 0.036097 0.040045 
0 0.862944 0.585166 0.050761 0.032149 
0 0.712070 0.540609 0.027637 0.020869 
0 0.701072 0.380147 0.040609 0.030457 
0 0.730964 0.397349 0.028201 0.026509 
0 0.657642 0.425832 0.023689 0.028201 
0 0.671743 0.456289 0.027073 0.025945 
0 0.369712 0.397913 0.065990 0.061478 
0 0.294134 0.413706 0.055838 0.052453 
0 0.369994 0.495488 0.055274 0.043429 
0 0.393965 0.538353 0.040045 0.041173 
0 0.439932 0.567964 0.038353 0.036097 
0 0.353356 0.542583 0.037789 0.046249 
0 0.530175 0.697688 0.039481 0.047377 
0 0.553582 0.648900 0.029893 0.032149 
0 0.582628 0.646644 0.024817 0.041173 
0 0.609701 0.633390 0.025945 0.033841 
0 0.529329 0.818105 0.032149 0.040045 
0 0.577834 0.827411 0.037789 0.029329 
0 0.353920 0.815285 0.036661 0.033277 
0 0.250705 0.773830 0.037789 0.042865 
0 0.197124 0.747039 0.037789 0.051325 
0 0.221658 0.728144 0.030457 0.041737 
