0 0.401015 0.257755 0.041737 0.051889
0 0.391991 0.334179 0.050761 0.046813
0 0.418218 0.385505 0.050197 0.050197
0 0.492950 0.402707 0.046249 0.043993
0 0.454033 0.433446 0.059786 0.055838
0 0.414552 0.440778 0.023689 0.044557
0 0.419628 0.537789 0.067682 0.060350
0 0.503102 0.581782 0.063170 0.054710
0 0.547095 0.609419 0.042865 0.034405
0 0.534123 0.650592 0.051889 0.049069
0 0.452623 0.622673 0.061478 0.065426
0 0.403553 0.591653 0.041173 0.056402
0 0.404681 0.647772 0.062606 0.058094
0 0.368866 0.592781 0.040609 0.049633
0 0.243373 0.324309 0.029893 0.033841
0 0.251551 0.411168 0.042865 0.039481
0 0.265933 0.471799 0.056966 0.058094
0 0.251833 0.517766 0.050197 0.042865
0 0.194021 0.493514 0.053017 0.053017
0 0.205020 0.409757 0.046813 0.056966
0 0.175973 0.436548 0.021433 0.046249
0 0.226452 0.756627 0.040045 0.032149
0 0.199380 0.690355 0.042301 0.037225
0 0.169487 0.639876 0.033277 0.027637
0 0.129442 0.703046 0.031021 0.025381
0 0.115623 0.723068 0.034969 0.031585
0 0.858996 0.762267 0.058658 0.052453
0 0.923576 0.768754 0.041173 0.045121
0 0.946983 0.816977 0.033841 0.034405
0 0.904963 0.832487 0.059222 0.053017
0 0.839820 0.805415 0.042865 0.040609
0 0.829385 0.768472 0.024253 0.034405
