0 0.657078 0.414270 0.094755 0.099831
0 0.919346 0.497462 0.042865 0.040609
0 0.492668 0.523407 0.084038 0.091371
0 0.179357 0.376199 0.031585 0.028201
0 0.306825 0.011280 0.054146 0.018049
0 0.508178 0.785674 0.049633 0.034969
0 0.091089 0.130006 0.026509 0.033277
0 0.076988 0.054146 0.019741 0.023689
0 0.082064 0.306261 0.069374 0.063170
0 0.105189 0.382967 0.059222 0.063170
0 0.147490 0.374506 0.032149 0.048505
0 0.180485 0.471799 0.055274 0.056966
0 0.227862 0.341794 0.056402 0.054146
0 0.255217 0.378737 0.043429 0.042301
0 0.317823 0.388889 0.040045 0.044557
0 0.349408 0.262267 0.053582 0.056402
0 0.432036 0.262831 0.040609 0.055274
0 0.564298 0.264241 0.031021 0.053582
0 0.652002 0.247603 0.027073 0.029329
0 0.822053 0.261421 0.033277 0.024253
0 0.818951 0.233785 0.030457 0.019741
0 0.826847 0.338691 0.049633 0.049069
0 0.606035 0.413988 0.025381 0.060914
0 0.801184 0.494924 0.064862 0.069374
0 0.916244 0.457699 0.042301 0.041173
0 0.875917 0.502538 0.036097 0.031585
0 0.899041 0.534687 0.030457 0.030457
0 0.739425 0.511562 0.068810 0.053017
0 0.731246 0.472645 0.047941 0.057530
0 0.190637 0.613367 0.046249 0.053582
0 0.962493 0.848844 0.050197 0.055274
0 0.876763 0.964467 0.055838 0.053017
0 0.702764 0.942188 0.041737 0.038917
0 0.653130 0.953469 0.053017 0.049069
0 0.511562 0.854766 0.059786 0.041173
0 0.457981 0.950649 0.056402 0.042301
0 0.151720 0.665539 0.027073 0.029329
0 0.117879 0.690073 0.032713 0.029893
0 0.391427 0.547377 0.050761 0.052453
