0 0.933164 0.021997 0.093063 0.039481 
0 0.707276 0.152848 0.142132 0.142132 
0 0.704174 0.222222 0.122391 0.072194 
0 0.264523 0.200790 0.062042 0.064298 
0 0.546249 0.378173 0.080654 0.054710 
0 0.484208 0.620417 0.071630 0.107163 
0 0.396785 0.643542 0.114495 0.122955 
0 0.408065 0.723632 0.091935 0.059786 
0 0.280034 0.737169 0.134800 0.087986 
0 0.613931 0.637902 0.058094 0.049633 
0 0.796390 0.581500 0.089114 0.045121 
0 0.829103 0.635364 0.113931 0.079526 
0 0.741681 0.801466 0.100395 0.072194 
0 0.473209 0.485900 0.103779 0.099831 
