0 0.428652 0.211788 0.092499 0.100959
0 0.547377 0.288494 0.091935 0.089679
0 0.585448 0.374788 0.072194 0.079526
0 0.531867 0.479695 0.059786 0.069374
0 0.579244 0.478285 0.025945 0.066554
0 0.698252 0.496334 0.050761 0.053017
0 0.342358 0.260575 0.086858 0.086858
0 0.378173 0.294416 0.070502 0.045121
0 0.409757 0.364072 0.090807 0.085166
0 0.190637 0.062888 0.024817 0.020869
0 0.073322 0.567400 0.022561 0.022561
0 0.101523 0.607163 0.027073 0.025381
0 0.086294 0.586294 0.029329 0.018613
0 0.118443 0.545685 0.020305 0.021997
