0 0.897631 0.042583 0.026509 0.032149
0 0.816131 0.102369 0.031585 0.042301
0 0.023689 0.101523 0.046249 0.101523
0 0.067118 0.207276 0.085730 0.081782
0 0.024817 0.261139 0.043993 0.054146
0 0.027073 0.377045 0.047377 0.064862
0 0.160180 0.446701 0.054146 0.046249
0 0.033841 0.438804 0.049633 0.037225
0 0.540609 0.377045 0.078398 0.097575
0 0.526791 0.446418 0.080090 0.081782
0 0.461365 0.461647 0.047377 0.037789
0 0.369994 0.552453 0.075578 0.090807
0 0.752961 0.452341 0.050761 0.064298
0 0.827129 0.400169 0.044557 0.060350
0 0.874224 0.363508 0.029329 0.046813
0 0.814157 0.437958 0.035533 0.031021
0 0.611957 0.629160 0.042865 0.050197
0 0.918782 0.946136 0.057530 0.063734
