0 0.781444 0.337563 0.038917 0.037789
0 0.721940 0.291878 0.042865 0.027637
0 0.539763 0.251551 0.065426 0.068810
0 0.476029 0.254653 0.071066 0.065990
0 0.505358 0.306261 0.051889 0.034969
0 0.414552 0.323463 0.091371 0.086294
0 0.345460 0.254653 0.077270 0.073886
0 0.308517 0.329103 0.082346 0.079526
0 0.516638 0.377327 0.073322 0.046249
0 0.511280 0.442188 0.089679 0.075578
0 0.619571 0.454315 0.098703 0.099831
0 0.530457 0.523125 0.068246 0.069374
0 0.595601 0.585448 0.092499 0.081218
0 0.678511 0.525099 0.071066 0.074450
0 0.723914 0.454315 0.072758 0.086294
0 0.700508 0.595037 0.076706 0.074450
0 0.612239 0.646644 0.058094 0.045685
0 0.575296 0.418782 0.033841 0.037789
0 0.408065 0.422730 0.075014 0.064862
0 0.609419 0.371404 0.082910 0.072758
