0 0.126904 0.015228 0.047377 0.029329
0 0.120981 0.062042 0.042301 0.049633
0 0.177947 0.244783 0.038917 0.034969
0 0.155386 0.300902 0.035533 0.038917
0 0.060068 0.218838 0.033277 0.032713
0 0.089114 0.473773 0.064298 0.072194
0 0.249295 0.725324 0.048505 0.051889
0 0.205584 0.689791 0.036661 0.031585
0 0.335025 0.602933 0.036097 0.038353
0 0.408629 0.582910 0.052453 0.053582
0 0.389735 0.457417 0.048505 0.053017
0 0.401297 0.495206 0.047941 0.028201
0 0.455161 0.408065 0.069938 0.079526
0 0.509870 0.492950 0.069938 0.066554
0 0.570220 0.528483 0.042865 0.060914
0 0.553582 0.541737 0.054710 0.036661
0 0.606881 0.505358 0.049633 0.047377
0 0.592217 0.437676 0.068810 0.072194
0 0.625494 0.318105 0.064298 0.054146
0 0.706430 0.412296 0.049069 0.049633
0 0.718274 0.463621 0.061478 0.058658
0 0.888043 0.066272 0.027637 0.026509
0 0.860124 0.113085 0.020305 0.020869
0 0.825719 0.937112 0.042865 0.029893
0 0.903553 0.903271 0.046249 0.051325
0 0.192047 0.510998 0.058094 0.051889
0 0.291314 0.042019 0.033277 0.026509
0 0.232939 0.118443 0.027073 0.024817
0 0.122955 0.167231 0.036097 0.031021
