0 0.431190 0.028765 0.043429 0.047377 
0 0.473491 0.034687 0.069374 0.055838 
0 0.586294 0.146644 0.046813 0.038353 
0 0.553299 0.212916 0.085730 0.097575 
0 0.501974 0.193739 0.042865 0.047941 
0 0.414552 0.189509 0.069938 0.068810 
0 0.409193 0.260575 0.065990 0.055274 
0 0.492950 0.276650 0.045121 0.044557 
0 0.451495 0.378173 0.042301 0.043429 
0 0.486182 0.407219 0.041737 0.040609 
0 0.457981 0.448957 0.048505 0.034969 
0 0.509870 0.500000 0.089114 0.076142 
0 0.391709 0.553582 0.056966 0.041173 
0 0.328821 0.585448 0.091371 0.071066 
0 0.197406 0.473491 0.033841 0.024253 
0 0.384659 0.416526 0.030457 0.045685 
0 0.531303 0.316977 0.048505 0.046249 
0 0.139594 0.472363 0.024253 0.016356 
0 0.954879 0.038917 0.080090 0.071066 
0 0.918782 0.115623 0.034969 0.034969 
0 0.893965 0.161309 0.047377 0.060914 
0 0.747039 0.263959 0.112239 0.109419 
0 0.670333 0.249013 0.054710 0.056966 
0 0.753243 0.386915 0.129160 0.131980 
0 0.856458 0.445854 0.050197 0.055838 
0 0.645516 0.346870 0.051325 0.048505 
0 0.636774 0.406655 0.049633 0.047377 
0 0.595319 0.451777 0.067118 0.062042 
0 0.664411 0.506204 0.060914 0.042301 
0 0.730964 0.618161 0.093627 0.091371 
0 0.651438 0.628314 0.046249 0.053017 
0 0.631134 0.703046 0.080090 0.078398 
0 0.577552 0.702764 0.034969 0.055274 
0 0.615905 0.759729 0.042865 0.039481 
0 0.591653 0.805697 0.033841 0.028765 
0 0.517202 0.605753 0.094755 0.102651 
0 0.468133 0.545121 0.046249 0.034405 
0 0.430062 0.679639 0.058094 0.053017 
0 0.502538 0.742527 0.060914 0.060350 
0 0.602933 0.870276 0.050761 0.049633 
0 0.531021 0.785392 0.043429 0.051325 
0 0.408629 0.748731 0.063734 0.062606 
0 0.786238 0.935984 0.072194 0.067118 
0 0.707840 0.967287 0.033841 0.046249 
0 0.585730 0.537225 0.065990 0.068246 
0 0.421038 0.161309 0.080654 0.032713 
