0 0.199098 0.233503 0.118443 0.098139
0 0.161027 0.428934 0.112239 0.088550
0 0.172025 0.519459 0.074450 0.072194
0 0.655386 0.423576 0.108291 0.116187
0 0.701072 0.513536 0.047377 0.068246
0 0.707840 0.357022 0.086858 0.085730
0 0.686689 0.264805 0.096447 0.093063
0 0.677665 0.176819 0.079526 0.085166
0 0.595883 0.228144 0.113367 0.124647
0 0.408911 0.699098 0.102651 0.105471
0 0.571348 0.726452 0.050761 0.065426
0 0.660462 0.840384 0.074450 0.068810
0 0.662437 0.884095 0.053582 0.043429
0 0.313029 0.802312 0.112803 0.099831
0 0.320925 0.718838 0.059786 0.058094
0 0.143542 0.902143 0.065990 0.068246
