0 0.330795 0.034123 0.046813 0.042301
0 0.557530 0.049351 0.043429 0.047941
0 0.588268 0.014100 0.042865 0.021433
0 0.287648 0.195995 0.037225 0.038917
0 0.555556 0.148336 0.027073 0.021433
0 0.559504 0.126622 0.036097 0.019741
0 0.583756 0.160180 0.023689 0.022561
0 0.598985 0.192611 0.028201 0.032149
0 0.633672 0.218274 0.027637 0.021433
0 0.950931 0.075014 0.038353 0.043993
0 0.981105 0.118443 0.032149 0.058658
0 0.845460 0.135082 0.042865 0.052453
0 0.887761 0.149746 0.046249 0.052453
0 0.895093 0.221940 0.034969 0.028765
0 0.970107 0.281726 0.031585 0.027637
0 0.764805 0.294980 0.046249 0.053017
0 0.717146 0.263395 0.044557 0.036097
0 0.683869 0.329667 0.033277 0.034405
0 0.807389 0.388043 0.020869 0.021433
0 0.666385 0.424986 0.026509 0.033277
0 0.611957 0.425268 0.065426 0.057530
0 0.546813 0.427242 0.040045 0.033277
0 0.526227 0.397067 0.046249 0.031585
0 0.597011 0.375353 0.032149 0.029893
0 0.530739 0.450649 0.042865 0.031585
0 0.486464 0.452341 0.046813 0.034969
0 0.866046 0.720812 0.043429 0.034969
0 0.738861 0.905809 0.047377 0.038353
0 0.786802 0.915962 0.030457 0.025945
0 0.230964 0.546531 0.040045 0.038353
0 0.054710 0.532713 0.033841 0.024253
0 0.067682 0.577552 0.034969 0.030457
0 0.870276 0.305697 0.036097 0.033841
