0 0.457135 0.142414 0.031021 0.031021 
0 0.494078 0.419628 0.071066 0.081218 
0 0.592217 0.429780 0.077834 0.057530 
0 0.566836 0.494078 0.075578 0.064298 
0 0.639594 0.585730 0.124083 0.112239 
0 0.604061 0.659616 0.084602 0.059222 
0 0.472645 0.600113 0.104907 0.086858 
0 0.468415 0.528483 0.059222 0.043993 
0 0.475183 0.486182 0.060350 0.036097 
0 0.419346 0.650874 0.071630 0.053017 
0 0.446136 0.721094 0.074450 0.075014 
0 0.346588 0.791878 0.075014 0.073322 
0 0.281162 0.878173 0.065990 0.081218 
0 0.195149 0.862944 0.042865 0.043993 
0 0.226452 0.864072 0.034405 0.038353 
0 0.131980 0.786520 0.078962 0.080654 
0 0.819515 0.476029 0.069938 0.055274 
0 0.769882 0.508460 0.041737 0.047941 
0 0.738297 0.546813 0.045121 0.052453 
0 0.790750 0.554992 0.058658 0.049633 
0 0.749859 0.611111 0.058094 0.058094 
0 0.873660 0.606317 0.046249 0.055274 
0 0.820079 0.668641 0.048505 0.059222 
0 0.823181 0.738015 0.043429 0.056966 
0 0.965595 0.757473 0.048505 0.043993 
0 0.978567 0.698252 0.036097 0.068810 
0 0.971799 0.631416 0.043993 0.050197 
0 0.396221 0.336999 0.040045 0.043429 
