0 0.271856 0.094191 0.064298 0.064298
0 0.364636 0.144952 0.061478 0.051889
0 0.522843 0.129442 0.067682 0.065990
0 0.490976 0.180767 0.062606 0.063734
0 0.520869 0.235477 0.043429 0.040045
0 0.611957 0.275804 0.032713 0.055274
0 0.381557 0.231528 0.077270 0.073886
0 0.256345 0.184997 0.045685 0.045121
0 0.206712 0.219966 0.047941 0.057530
0 0.390863 0.392837 0.071066 0.069374
0 0.471517 0.433164 0.062042 0.057530
0 0.420192 0.596447 0.072194 0.060350
0 0.189509 0.439932 0.059786 0.056402
0 0.186125 0.621263 0.053017 0.054710
0 0.160180 0.694303 0.042865 0.045121
0 0.348280 0.776932 0.050197 0.042301
0 0.464185 0.711788 0.054146 0.049633
0 0.550197 0.813593 0.058094 0.049069
0 0.565144 0.551607 0.038353 0.045121
0 0.668923 0.624365 0.049633 0.042865
0 0.596729 0.650874 0.048505 0.046249
0 0.658488 0.682177 0.054710 0.049069
0 0.708122 0.730118 0.054710 0.053582
0 0.673717 0.746475 0.051325 0.058094
0 0.688945 0.816413 0.047941 0.052453
0 0.611957 0.876481 0.053017 0.043993
0 0.834743 0.785956 0.042865 0.045685
0 0.819515 0.940496 0.060914 0.051325
0 0.625212 0.955725 0.041173 0.035533
