0 0.195713 0.042301 0.030457 0.025945 
0 0.297518 0.054146 0.050197 0.031585 
0 0.309927 0.088268 0.025381 0.029893 
0 0.297800 0.128032 0.036097 0.043993 
0 0.321771 0.163001 0.036661 0.036097 
0 0.328821 0.116187 0.028201 0.038353 
0 0.252679 0.171743 0.032713 0.029893 
0 0.435984 0.067400 0.048505 0.067118 
0 0.524535 0.079244 0.034969 0.026509 
0 0.663565 0.187535 0.028765 0.040045 
0 0.624083 0.223350 0.044557 0.056402 
0 0.563170 0.232939 0.033277 0.042865 
0 0.704174 0.030457 0.027637 0.030457 
0 0.782290 0.018049 0.027073 0.034969 
0 0.759447 0.027637 0.025381 0.028201 
0 0.736041 0.037789 0.022561 0.024817 
0 0.976029 0.212634 0.028765 0.039481 
0 0.078116 0.481105 0.045685 0.042865 
0 0.428934 0.364636 0.053582 0.067118 
0 0.401861 0.423576 0.058094 0.063170 
0 0.491822 0.429216 0.040609 0.043993 
0 0.449803 0.579244 0.041173 0.046249 
0 0.340666 0.607445 0.032713 0.040609 
0 0.278906 0.622391 0.028765 0.038917 
0 0.163283 0.659334 0.031021 0.045121 
0 0.014946 0.691201 0.028765 0.056966 
0 0.735759 0.875635 0.070502 0.070502 
0 0.621545 0.808799 0.040609 0.048505 
0 0.580372 0.510152 0.075578 0.085166 
0 0.630852 0.490694 0.031021 0.051889 
0 0.695713 0.510716 0.059222 0.076142 
0 0.754089 0.556120 0.042865 0.051889 
0 0.706148 0.572758 0.049633 0.036661 
0 0.706994 0.620135 0.051325 0.044557 
0 0.621827 0.589397 0.053582 0.073322 
0 0.555274 0.637902 0.044557 0.057530 
0 0.547941 0.553017 0.049069 0.054710 
0 0.497744 0.600959 0.040045 0.059222 
