0 0.281162 0.073604 0.052453 0.049069
0 0.284828 0.210942 0.068810 0.069938
0 0.173999 0.223632 0.125776 0.109983
0 0.473773 0.264241 0.108291 0.119007
0 0.627468 0.167513 0.137056 0.137620
0 0.481669 0.487592 0.110547 0.113367
0 0.295544 0.552453 0.090243 0.086294
0 0.534123 0.168077 0.043993 0.046249
0 0.987592 0.844614 0.020305 0.038917
0 0.937958 0.836717 0.037225 0.042301
0 0.062042 0.766215 0.037225 0.029893
0 0.128878 0.779470 0.031021 0.025945
0 0.062606 0.811055 0.031585 0.024817
0 0.133108 0.891709 0.029329 0.028201
0 0.042019 0.804569 0.025381 0.024253
0 0.053017 0.860688 0.043993 0.031585
0 0.741681 0.813875 0.031585 0.037225
0 0.269318 0.677101 0.040045 0.070502
