0 0.907501 0.075578 0.048505 0.062042 
0 0.867738 0.119853 0.032149 0.036661 
0 0.830513 0.084320 0.052453 0.051325 
0 0.772984 0.109419 0.036661 0.045121 
0 0.818951 0.028201 0.066554 0.053017 
0 0.770164 0.052171 0.044557 0.052453 
0 0.720248 0.060914 0.050761 0.069938 
0 0.623519 0.329385 0.025381 0.029329 
0 0.580654 0.419628 0.082910 0.090243 
0 0.628878 0.520023 0.081218 0.086858 
0 0.414834 0.476029 0.102087 0.103779 
0 0.414270 0.589961 0.079526 0.111675 
0 0.284546 0.624929 0.050197 0.065426 
0 0.374788 0.802876 0.097575 0.096447 
0 0.441342 0.875071 0.064862 0.079526 
0 0.793570 0.653976 0.040609 0.036661 
0 0.543711 0.457135 0.074450 0.038917 
