0 0.035251 0.130852 0.038917 0.030457
0 0.102651 0.149182 0.037225 0.041173
0 0.148618 0.174563 0.031021 0.033277
0 0.187253 0.048223 0.055274 0.077270
0 0.194303 0.117879 0.047941 0.056402
0 0.271574 0.087704 0.061478 0.054710
0 0.337845 0.137620 0.048505 0.048505
0 0.432882 0.020869 0.053582 0.038353
0 0.375917 0.023407 0.046813 0.040045
0 0.598985 0.247321 0.073322 0.067118
0 0.575860 0.391427 0.074450 0.060914
0 0.629442 0.379865 0.037225 0.051325
0 0.622391 0.495770 0.071630 0.068810
0 0.854484 0.362944 0.040609 0.041173
0 0.925550 0.376199 0.049633 0.043993
0 0.987874 0.292724 0.021997 0.038353
0 0.891709 0.460519 0.027073 0.037789
0 0.527919 0.668641 0.063170 0.072758
0 0.334179 0.714044 0.069374 0.071066
0 0.285674 0.640440 0.075014 0.085166
0 0.188945 0.707558 0.040609 0.044557
0 0.414834 0.626340 0.051325 0.040045
0 0.489566 0.618443 0.053017 0.036661
0 0.947265 0.973773 0.047941 0.042301
0 0.147208 0.879019 0.065426 0.054710
0 0.021151 0.861816 0.038917 0.092499
0 0.126904 0.985336 0.068810 0.029329
0 0.491258 0.443880 0.059786 0.047377
