0 0.480259 0.171461 0.175409 0.186125 
0 0.961083 0.094191 0.063170 0.166949 
0 0.845742 0.054710 0.133672 0.108291 
0 0.923858 0.192047 0.104907 0.111111 
0 0.984772 0.244219 0.028201 0.106035 
0 0.763677 0.227862 0.165821 0.139876 
0 0.599267 0.143542 0.073886 0.095319 
0 0.411450 0.252961 0.081782 0.070502 
0 0.466159 0.322335 0.099831 0.084038 
0 0.602651 0.345460 0.059222 0.052453 
0 0.612521 0.401015 0.063170 0.054146 
0 0.572476 0.479413 0.092499 0.089114 
0 0.454033 0.384095 0.063170 0.048505 
0 0.323181 0.323745 0.133108 0.122955 
0 0.051325 0.179921 0.051889 0.045121 
0 0.216018 0.712070 0.057530 0.060350 
0 0.367456 0.626622 0.046813 0.046249 
0 0.443880 0.573040 0.039481 0.047377 
0 0.492104 0.632544 0.043429 0.046813 
0 0.520023 0.707840 0.090243 0.090243 
0 0.664693 0.689227 0.061478 0.072194 
0 0.787648 0.669205 0.094191 0.091935 
0 0.793852 0.559222 0.096447 0.076142 
0 0.903271 0.525663 0.078398 0.074450 
0 0.882685 0.637902 0.062042 0.069938 
0 0.763677 0.793852 0.082346 0.087422 
0 0.445008 0.640722 0.042865 0.037225 
