0 0.076424 0.207840 0.018613 0.014100 
0 0.010998 0.222504 0.016356 0.020869 
0 0.367456 0.246757 0.024253 0.023125 
0 0.659052 0.029047 0.026509 0.028765 
0 0.751269 0.034405 0.025945 0.023689 
0 0.734631 0.071912 0.026509 0.029893 
0 0.595037 0.238579 0.054146 0.054146 
0 0.650874 0.210096 0.030457 0.038917 
0 0.701918 0.214890 0.034405 0.032713 
0 0.730118 0.197124 0.035533 0.050197 
0 0.680203 0.234913 0.030457 0.034405 
0 0.627186 0.217428 0.023689 0.031021 
0 0.616187 0.334179 0.038917 0.044557 
0 0.549069 0.358714 0.040045 0.050761 
0 0.485618 0.345178 0.054146 0.054146 
0 0.454879 0.385505 0.056966 0.043429 
0 0.544557 0.424140 0.051325 0.045121 
0 0.483362 0.438522 0.043993 0.043429 
0 0.621263 0.439650 0.042301 0.026509 
0 0.553299 0.457135 0.030457 0.017484 
0 0.962493 0.467287 0.026509 0.026509 
0 0.916244 0.483644 0.021997 0.020869 
0 0.971517 0.693175 0.035533 0.032713 
0 0.775240 0.722222 0.038917 0.041173 
0 0.773548 0.784264 0.026509 0.032149 
0 0.714890 0.774394 0.033277 0.031585 
0 0.479413 0.744219 0.081218 0.068246 
0 0.377609 0.806825 0.068246 0.070502 
0 0.457981 0.813593 0.059786 0.055838 
0 0.320361 0.752115 0.065426 0.085166 
