3 0.633136 0.4 0.142012 0.233333
3 0.85503 0.894444 0.147929 0.188889
3 0.955621 0.697222 0.0887574 0.227778
3 0.739645 0.808333 0.142012 0.238889
3 0.565089 0.652778 0.147929 0.216667
3 0.420118 0.727778 0.16568 0.233333
3 0.204142 0.586111 0.147929 0.205556
3 0.056213 0.661111 0.112426 0.244444
3 0.0976331 0.333333 0.147929 0.2
3 0.269231 0.269444 0.136095 0.172222
3 0.488166 0.444444 0.147929 0.155556
3 0.343195 0.455556 0.142012 0.144444
3 0.612426 0.161111 0.112426 0.122222
3 0.707101 0.291667 0.12426 0.183333
