3 0.842809 0.568452 0.120401 0.279762
3 0.93311 0.75 0.120401 0.238095
3 0.744147 0.934524 0.157191 0.130952
3 0.849498 0.916667 0.12709 0.166667
3 0.665552 0.559524 0.147157 0.297619
3 0.692308 0.732143 0.12709 0.238095
3 0.555184 0.553571 0.12709 0.345238
3 0.571906 0.782738 0.120401 0.208333
3 0.421405 0.559524 0.180602 0.333333
3 0.264214 0.568452 0.140468 0.244048
3 0.175585 0.85119 0.190635 0.297619
3 0.12709 0.479167 0.167224 0.35119
3 0.188963 0.279762 0.143813 0.321429
3 0.339465 0.172619 0.137124 0.22619
3 0.0719064 0.133929 0.117057 0.232143
