3 0.492308 0.766667 0.133333 0.138462
3 0.307692 0.8 0.0923077 0.0923077
3 0.361538 0.674359 0.0974359 0.0769231
3 0.515385 0.407692 0.158974 0.138462
3 0.287179 0.179487 0.0923077 0.0820513
3 0.164103 0.133333 0.123077 0.133333
3 0.653846 0.330769 0.169231 0.128205
3 0.841026 0.323077 0.123077 0.153846
3 0.933333 0.25641 0.133333 0.153846
3 0.710256 0.471795 0.128205 0.133333
3 0.607692 0.135897 0.0871795 0.0871795
3 0.212821 0.0461538 0.0974359 0.0820513
3 0.310256 0.0641026 0.0769231 0.0769231
