3 0.859649 0.436842 0.175439 0.294737
3 0.705263 0.728947 0.154386 0.226316
3 0.670175 0.907895 0.0982456 0.152632
3 0.552632 0.713158 0.0807018 0.215789
3 0.701754 0.594737 0.161404 0.126316
3 0.645614 0.428947 0.105263 0.163158
3 0.775439 0.142105 0.0982456 0.147368
3 0.601754 0.239474 0.115789 0.142105
3 0.436842 0.857895 0.0807018 0.189474
3 0.378947 0.744737 0.0631579 0.152632
3 0.429825 0.565789 0.0596491 0.1
3 0.477193 0.45 0.0491228 0.110526
3 0.587719 0.5 0.0807018 0.168421
3 0.519298 0.528947 0.0421053 0.1
3 0.266667 0.734211 0.0631579 0.0789474
3 0.264912 0.842105 0.0385965 0.105263
3 0.340351 0.85 0.0561404 0.0789474
3 0.3 0.826316 0.045614 0.0842105
3 0.208772 0.663158 0.0526316 0.115789
3 0.136842 0.681579 0.0421053 0.0894737
3 0.307018 0.218421 0.0736842 0.110526
3 0.361404 0.428947 0.0631579 0.110526
3 0.240351 0.307895 0.0526316 0.1
3 0.131579 0.413158 0.0666667 0.131579
3 0.145614 0.239474 0.0736842 0.131579
3 0.122807 0.0868421 0.0561404 0.1
3 0.0859649 0.623684 0.0385965 0.121053
3 0.142105 0.528947 0.0596491 0.0789474
3 0.749123 0.0473684 0.0877193 0.0947368
3 0.0736842 0.178947 0.0491228 0.105263
