1 0.860335 0.779006 0.201117 0.187845
1 0.639665 0.828729 0.184358 0.154696
1 0.399441 0.853591 0.173184 0.160221
1 0.240223 0.798343 0.156425 0.127072
1 0.162011 0.743094 0.189944 0.160221
1 0.477654 0.552486 0.206704 0.187845
1 0.653631 0.621547 0.189944 0.171271
1 0.712291 0.687845 0.173184 0.171271
1 0.821229 0.60221 0.156425 0.154696
1 0.798883 0.455801 0.189944 0.18232
1 0.296089 0.41989 0.189944 0.176796
1 0.125698 0.455801 0.184358 0.18232
1 0.368715 0.28453 0.156425 0.138122
1 0.418994 0.406077 0.134078 0.149171
1 0.187151 0.256906 0.173184 0.149171
1 0.402235 0.132597 0.145251 0.143646
1 0.273743 0.0801105 0.201117 0.160221
