1 0.774306 0.736111 0.0694444 0.0925926
1 0.741319 0.689815 0.0590278 0.0648148
1 0.708333 0.502315 0.0833333 0.125
1 0.649306 0.444444 0.0763889 0.101852
1 0.612847 0.446759 0.0868056 0.0972222
1 0.527778 0.472222 0.0972222 0.12963
1 0.571181 0.564815 0.0868056 0.12037
1 0.576389 0.314815 0.0416667 0.0555556
1 0.626736 0.349537 0.0451389 0.0509259
1 0.677083 0.37963 0.0486111 0.0740741
1 0.362847 0.168981 0.0451389 0.0601852
1 0.328125 0.261574 0.0381944 0.0509259
1 0.182292 0.180556 0.0381944 0.0462963
1 0.201389 0.219907 0.0347222 0.0509259
1 0.201389 0.275463 0.0347222 0.0509259
1 0.15625 0.298611 0.0486111 0.0416667
1 0.243056 0.381944 0.0347222 0.0509259
