1 0.849206 0.782723 0.185185 0.193717
1 0.822751 0.602094 0.164021 0.157068
1 0.791005 0.45288 0.174603 0.172775
1 0.653439 0.615183 0.195767 0.183246
1 0.716931 0.67801 0.153439 0.151832
1 0.640212 0.824607 0.169312 0.172775
1 0.404762 0.853403 0.185185 0.17801
1 0.243386 0.793194 0.137566 0.120419
1 0.15873 0.73822 0.179894 0.17801
1 0.132275 0.460733 0.179894 0.17801
1 0.28836 0.424084 0.164021 0.188482
1 0.47619 0.554974 0.190476 0.198953
1 0.417989 0.400524 0.137566 0.141361
1 0.375661 0.28534 0.148148 0.151832
1 0.185185 0.26178 0.169312 0.157068
1 0.399471 0.13089 0.153439 0.157068
1 0.267196 0.0811518 0.164021 0.162304
