2 0.834043 0.316667 0.0851064 0.111111
2 0.880851 0.525 0.102128 0.105556
2 0.970213 0.45 0.0595745 0.0888889
2 0.646809 0.469444 0.110638 0.0833333
2 0.482979 0.741667 0.0723404 0.116667
2 0.480851 0.377778 0.0595745 0.0555556
2 0.385106 0.386111 0.0723404 0.0722222
2 0.142553 0.425 0.0723404 0.0722222
2 0.170213 0.519444 0.0680851 0.0833333
2 0.0468085 0.566667 0.0595745 0.0888889
2 0.289362 0.211111 0.0765957 0.1
2 0.368085 0.233333 0.0808511 0.0888889
2 0.587234 0.261111 0.0765957 0.0777778
2 0.508511 0.1 0.0553191 0.0888889
