2 0.835206 0.547619 0.0749064 0.111111
2 0.934457 0.465608 0.0786517 0.116402
2 0.797753 0.330688 0.082397 0.111111
2 0.559925 0.261905 0.071161 0.0899471
2 0.61236 0.486772 0.071161 0.0952381
2 0.455056 0.759259 0.071161 0.100529
2 0.161049 0.534392 0.0674157 0.0952381
2 0.0393258 0.587302 0.0636704 0.0846561
2 0.140449 0.441799 0.071161 0.0899471
2 0.363296 0.388889 0.0674157 0.0899471
2 0.462547 0.388889 0.0561798 0.0899471
2 0.357678 0.238095 0.0636704 0.0846561
2 0.275281 0.21164 0.0786517 0.0952381
2 0.490637 0.0978836 0.0449438 0.0687831
