2 0.894009 0.582317 0.0921659 0.103659
2 0.981567 0.503049 0.0368664 0.0914634
2 0.852535 0.353659 0.101382 0.109756
2 0.642857 0.515244 0.0875576 0.115854
2 0.460829 0.804878 0.0829493 0.109756
2 0.47235 0.417683 0.0875576 0.103659
2 0.585253 0.280488 0.0829493 0.097561
2 0.5 0.109756 0.0691244 0.0731707
2 0.352535 0.265244 0.0875576 0.115854
2 0.260369 0.231707 0.0875576 0.109756
2 0.357143 0.417683 0.078341 0.103659
2 0.110599 0.47561 0.0737327 0.097561
2 0.131336 0.57622 0.0875576 0.0914634
