2 0.603261 0.865248 0.076087 0.113475
2 0.728261 0.687943 0.076087 0.113475
2 0.546196 0.652482 0.0706522 0.0992908
2 0.603261 0.588652 0.076087 0.0992908
2 0.717391 0.528369 0.0652174 0.0921986
2 0.883152 0.347518 0.0597826 0.0851064
2 0.769022 0.322695 0.0815217 0.0921986
2 0.828804 0.248227 0.0706522 0.0851064
2 0.61413 0.269504 0.0543478 0.0567376
2 0.491848 0.258865 0.0706522 0.0780142
2 0.342391 0.404255 0.0543478 0.0851064
2 0.146739 0.546099 0.0652174 0.0992908
2 0.274457 0.22695 0.0597826 0.0851064
2 0.494565 0.0283688 0.0543478 0.0567376
2 0.315217 0.0212766 0.0543478 0.0425532
