0 0.027919 0.047377 0.051325 0.048505 
0 0.042019 0.086012 0.040045 0.034405 
0 0.075014 0.123801 0.053017 0.044557 
0 0.013254 0.168359 0.025381 0.032149 
0 0.807671 0.094755 0.062042 0.049633 
0 0.847998 0.087704 0.026509 0.037789 
0 0.891709 0.113367 0.046249 0.034969 
0 0.918782 0.159898 0.043993 0.037789 
0 0.978003 0.174845 0.033841 0.042865 
0 0.660462 0.027919 0.055274 0.049069 
0 0.728144 0.028483 0.053017 0.046813 
0 0.756345 0.012408 0.050761 0.019177 
0 0.794416 0.010716 0.032149 0.015792 
0 0.808517 0.033559 0.034405 0.029893 
0 0.714044 0.107163 0.037225 0.047377 
0 0.639312 0.064862 0.040045 0.033841 
0 0.749859 0.209532 0.070502 0.065990 
0 0.821771 0.323463 0.051889 0.053582 
0 0.685279 0.294416 0.064298 0.084602 
0 0.730682 0.282854 0.045685 0.058094 
0 0.630288 0.177101 0.089679 0.097011 
0 0.606035 0.243373 0.065990 0.045685 
0 0.574168 0.279752 0.034969 0.022561 
0 0.568528 0.216300 0.038353 0.029893 
0 0.549633 0.202200 0.034405 0.036661 
0 0.540609 0.235759 0.023125 0.027073 
0 0.561478 0.129160 0.032149 0.032713 
0 0.516074 0.122673 0.047377 0.047941 
0 0.658770 0.420474 0.065426 0.072758 
0 0.756627 0.501128 0.056966 0.070502 
0 0.705302 0.544275 0.034405 0.027073 
0 0.566836 0.452905 0.038353 0.032713 
0 0.451495 0.383531 0.023125 0.025945 
0 0.398195 0.367738 0.028201 0.034969 
0 0.422166 0.294134 0.029893 0.033277 
0 0.383531 0.280316 0.031585 0.029329 
0 0.367456 0.308517 0.031021 0.028201 
0 0.364918 0.263113 0.034969 0.043429 
0 0.118725 0.414834 0.040045 0.046813 
0 0.174845 0.428934 0.039481 0.047941 
0 0.071912 0.403553 0.026509 0.032149 
0 0.079808 0.441060 0.041173 0.018049 
0 0.279752 0.620699 0.069938 0.070502 
0 0.261703 0.519741 0.068810 0.060350 
0 0.157642 0.592217 0.120135 0.115059 
0 0.355894 0.729272 0.047377 0.051889 
0 0.161873 0.718556 0.023689 0.062042 
0 0.026227 0.844332 0.041173 0.034969 
0 0.273548 0.817259 0.045121 0.043993 
0 0.645234 0.635364 0.034969 0.036661 
0 0.600677 0.657924 0.034969 0.034405 
0 0.573604 0.628314 0.028201 0.031585 
0 0.083474 0.893401 0.055274 0.055274 
0 0.022279 0.922166 0.043429 0.065426 
0 0.873660 0.809363 0.024817 0.033841 
0 0.168923 0.517484 0.047941 0.033277 
0 0.684151 0.062606 0.027073 0.018049 
