0 0.326565 0.033559 0.024817 0.021997
0 0.295262 0.030739 0.034405 0.029893
0 0.296390 0.060632 0.026509 0.027637
0 0.288494 0.089114 0.020869 0.019177
0 0.220812 0.081782 0.020869 0.021433
0 0.197406 0.048223 0.020305 0.026509
0 0.236041 0.059786 0.021997 0.016920
0 0.457981 0.054992 0.021433 0.026509
0 0.139876 0.110829 0.029329 0.028765
0 0.101805 0.124083 0.025381 0.037225
0 0.101241 0.068246 0.026509 0.032713
0 0.051325 0.067964 0.039481 0.031021
0 0.082064 0.093063 0.019741 0.023689
0 0.024535 0.110547 0.026509 0.024817
0 0.047659 0.224478 0.023125 0.021433
0 0.029893 0.250705 0.022561 0.016356
0 0.048787 0.267625 0.027637 0.018613
0 0.047095 0.297236 0.035533 0.033841
0 0.077834 0.315003 0.025945 0.023125
0 0.106317 0.283418 0.023125 0.024253
0 0.143824 0.322899 0.025945 0.025381
0 0.298364 0.190073 0.029329 0.034969
0 0.328821 0.205584 0.024817 0.033277
0 0.380711 0.243937 0.030457 0.028765
0 0.825437 0.328821 0.036661 0.032713
0 0.760575 0.321771 0.034405 0.032149
0 0.719684 0.355612 0.029329 0.028765
0 0.750705 0.504230 0.030457 0.016920
0 0.722222 0.494360 0.027637 0.026509
0 0.541737 0.419910 0.096447 0.072758
0 0.373096 0.406655 0.095319 0.075578
0 0.430626 0.459955 0.061478 0.065990
0 0.286238 0.395939 0.062606 0.063170
0 0.225324 0.485900 0.082910 0.084038
0 0.152566 0.486182 0.044557 0.037225
0 0.243937 0.599267 0.078398 0.072758
0 0.493796 0.744783 0.068246 0.095319
0 0.282290 0.759447 0.041173 0.034405
0 0.200226 0.826001 0.045121 0.052453
0 0.152284 0.821771 0.041737 0.054146
0 0.974901 0.606599 0.044557 0.059222
0 0.684151 0.622673 0.059786 0.054146
