0 0.353356 0.095601 0.051325 0.047941
0 0.323463 0.051325 0.038917 0.039481
0 0.266779 0.035251 0.045121 0.045685
0 0.277214 0.008460 0.052453 0.013536
0 0.645798 0.012690 0.042865 0.020869
0 0.659616 0.062606 0.040045 0.041737
0 0.690637 0.062888 0.026509 0.027637
0 0.722222 0.078680 0.038917 0.036661
0 0.737733 0.128596 0.040609 0.045121
0 0.972645 0.068246 0.021997 0.027073
0 0.823463 0.018049 0.024817 0.023689
0 0.862944 0.179357 0.024817 0.030457
0 0.250705 0.181049 0.031021 0.034969
0 0.208686 0.217710 0.047377 0.040609
0 0.173999 0.254089 0.038917 0.038917
0 0.272420 0.266497 0.033841 0.034405
0 0.300620 0.279188 0.039481 0.032713
0 0.340666 0.322053 0.043993 0.050761
0 0.438240 0.319797 0.033841 0.030457
0 0.410039 0.282008 0.031585 0.028201
0 0.331641 0.397913 0.048505 0.041173
0 0.341794 0.434010 0.037225 0.037789
0 0.220248 0.451495 0.037789 0.029893
0 0.265933 0.347434 0.033277 0.030457
0 0.252961 0.315285 0.045685 0.041737
0 0.671179 0.397067 0.049633 0.039481
0 0.679921 0.439368 0.050197 0.039481
0 0.706712 0.484490 0.051889 0.041737
0 0.716582 0.548787 0.054710 0.046249
0 0.678511 0.579244 0.041737 0.032713
0 0.646926 0.568528 0.040609 0.037225
0 0.584320 0.535251 0.043993 0.041737
0 0.919910 0.421038 0.048505 0.044557
0 0.965877 0.476875 0.050197 0.042301
0 0.887197 0.505922 0.043993 0.051889
0 0.858996 0.529611 0.039481 0.038353
0 0.947547 0.525099 0.028201 0.031585
0 0.974055 0.559222 0.043993 0.028765
0 0.602369 0.452905 0.041737 0.030457
0 0.661027 0.528483 0.056402 0.051889
0 0.722222 0.659052 0.037789 0.041173
0 0.985054 0.675127 0.025381 0.047377
0 0.990412 0.802876 0.019177 0.036661
0 0.475183 0.601805 0.037789 0.033841
0 0.523689 0.648618 0.033277 0.021433
0 0.487310 0.631134 0.028201 0.028201
0 0.427806 0.552735 0.036661 0.033841
0 0.393401 0.575860 0.034405 0.025945
0 0.415398 0.629160 0.036661 0.036661
0 0.438240 0.664129 0.034969 0.033277
0 0.449803 0.705584 0.031021 0.025945
0 0.440778 0.739989 0.038917 0.033841
0 0.349408 0.626622 0.035533 0.038353
0 0.349408 0.661873 0.035533 0.032149
0 0.401861 0.681331 0.032149 0.022561
0 0.186689 0.552453 0.042865 0.038917
0 0.199098 0.582346 0.038353 0.037789
0 0.195713 0.642978 0.045121 0.040609
0 0.560632 0.844614 0.028201 0.029893
0 0.588268 0.813029 0.033841 0.020869
0 0.542583 0.855894 0.025945 0.026509
0 0.911732 0.943598 0.055838 0.054146
0 0.844332 0.968415 0.047377 0.038353
0 0.947265 0.724760 0.019741 0.027073
0 0.077834 0.536943 0.020305 0.019177
0 0.041173 0.512972 0.025945 0.020869
0 0.038353 0.555838 0.033841 0.031021
0 0.020305 0.597575 0.024817 0.026509
0 0.029611 0.630570 0.023125 0.027073
0 0.012972 0.567118 0.022561 0.027637
