0 0.909757 0.023689 0.055274 0.043993
0 0.238579 0.257755 0.049633 0.046249
0 0.349408 0.240271 0.054710 0.050761
0 0.307389 0.419628 0.159052 0.136492
0 0.320079 0.502538 0.088550 0.046249
0 0.036379 0.547377 0.067118 0.071630
0 0.118443 0.669769 0.049633 0.047941
0 0.373378 0.588268 0.092499 0.117315
0 0.540045 0.387197 0.105471 0.099831
0 0.639312 0.554710 0.098703 0.123519
0 0.526791 0.613085 0.071066 0.108291
0 0.709250 0.795544 0.075014 0.075014
0 0.737733 0.941906 0.098139 0.112803
0 0.641850 0.950649 0.078962 0.062606
0 0.959673 0.934574 0.080654 0.081218
