0 0.107445 0.224760 0.111111 0.100959 
0 0.177947 0.409757 0.113367 0.129160 
0 0.276368 0.486182 0.091371 0.106035 
0 0.296954 0.382403 0.060350 0.060914 
0 0.386915 0.361816 0.120699 0.116751 
0 0.546813 0.364072 0.123519 0.150592 
0 0.742245 0.294698 0.078962 0.088550 
0 0.795544 0.384095 0.079526 0.087986 
0 0.754653 0.413706 0.101523 0.086294 
0 0.815003 0.639312 0.089114 0.089679 
0 0.622955 0.784828 0.129160 0.134800 
0 0.458263 0.754653 0.082910 0.062042 
0 0.410321 0.802030 0.099831 0.104907 
0 0.358432 0.655668 0.058094 0.062606 
0 0.574732 0.698252 0.039481 0.034969 
0 0.908629 0.965595 0.071066 0.068810 
0 0.516356 0.856740 0.033277 0.048505 
