0 0.142696 0.224196 0.047377 0.038917
0 0.225042 0.195431 0.039481 0.031021
0 0.474901 0.182177 0.062042 0.066554
0 0.395375 0.187535 0.055274 0.053582
0 0.421602 0.166103 0.041173 0.043429
0 0.476029 0.136774 0.057530 0.021997
0 0.519177 0.136210 0.019741 0.023125
0 0.578116 0.145516 0.054146 0.045121
0 0.615905 0.199944 0.043993 0.051325
0 0.574168 0.239989 0.057530 0.064862
0 0.616751 0.283136 0.041173 0.041737
0 0.469543 0.282854 0.059222 0.056966
0 0.515510 0.299210 0.038353 0.042301
0 0.473209 0.336717 0.060914 0.053017
0 0.416808 0.290750 0.042865 0.040045
0 0.375917 0.300056 0.025381 0.022561
0 0.371404 0.330231 0.023125 0.021997
0 0.399041 0.339820 0.020869 0.016356
0 0.362098 0.287084 0.023689 0.020305
0 0.374224 0.269600 0.019741 0.016920
0 0.405809 0.251269 0.023125 0.021997
0 0.762831 0.385787 0.049069 0.048505
0 0.709814 0.372532 0.050197 0.041173
0 0.725888 0.439086 0.056402 0.049069
0 0.745911 0.498026 0.050197 0.042865
0 0.675691 0.512972 0.051889 0.049069
0 0.661027 0.461647 0.029329 0.024253
0 0.655668 0.409475 0.038917 0.037225
0 0.618443 0.441624 0.041173 0.040609
0 0.295262 0.520587 0.047941 0.038353
0 0.249013 0.476875 0.043429 0.038917
0 0.142414 0.490976 0.038917 0.038917
0 0.092217 0.499154 0.046813 0.038353
0 0.132262 0.561478 0.055838 0.051325
0 0.080372 0.544557 0.042301 0.029893
0 0.053017 0.572476 0.057530 0.053017
0 0.088268 0.631698 0.047941 0.048505
0 0.143260 0.671743 0.055274 0.050761
0 0.098139 0.699380 0.027073 0.028201
0 0.094473 0.732657 0.020869 0.020305
0 0.153694 0.735477 0.027637 0.027073
0 0.048787 0.615623 0.043429 0.042301
0 0.320643 0.681895 0.046813 0.032713
0 0.358714 0.717710 0.034969 0.034405
0 0.325155 0.728990 0.031021 0.037789
0 0.289904 0.728990 0.045121 0.040045
0 0.270446 0.702482 0.026509 0.021997
0 0.406091 0.752115 0.021433 0.023125
0 0.371122 0.762267 0.023689 0.021997
0 0.346870 0.773266 0.028201 0.033841
0 0.315849 0.783136 0.033841 0.038917
0 0.195431 0.925550 0.017484 0.024817
0 0.170615 0.887761 0.020869 0.027073
0 0.436266 0.871404 0.021997 0.038353
0 0.476029 0.911450 0.022561 0.032713
0 0.577552 0.851664 0.028201 0.028201
0 0.619853 0.859278 0.037225 0.040045
0 0.658206 0.881839 0.025945 0.028765
0 0.735195 0.816977 0.044557 0.041173
0 0.673999 0.837281 0.042865 0.037789
0 0.675973 0.813029 0.035533 0.029893
0 0.713198 0.771292 0.047941 0.040045
0 0.613931 0.810209 0.031021 0.028765
0 0.641286 0.759165 0.036097 0.039481
0 0.590243 0.748449 0.037789 0.046249
0 0.604907 0.710378 0.025381 0.026509
0 0.689509 0.704456 0.043429 0.045121
0 0.747039 0.733221 0.031021 0.031585
0 0.650874 0.670333 0.025945 0.027637
0 0.622955 0.659052 0.019741 0.026509
0 0.858714 0.684433 0.029893 0.032149
0 0.924704 0.709532 0.042301 0.039481
0 0.942188 0.752397 0.049069 0.040609
0 0.890299 0.783418 0.053582 0.056402
0 0.915962 0.844050 0.056402 0.054710
0 0.966723 0.907219 0.053017 0.062606
0 0.939650 0.948957 0.056402 0.052453
0 0.875353 0.877045 0.050761 0.060914
0 0.794416 0.974619 0.037789 0.025945
0 0.814721 0.949239 0.034405 0.022561
0 0.840666 0.995206 0.041173 0.009588
0 0.856458 0.046813 0.031021 0.033841
0 0.809645 0.066554 0.032149 0.027073
0 0.920756 0.067964 0.034405 0.024253
0 0.969543 0.020587 0.033841 0.031021
0 0.935702 0.012972 0.034969 0.021433
0 0.881275 0.008460 0.047941 0.015792
