0 0.140440 0.062324 0.049633 0.047941
0 0.404399 0.064862 0.077834 0.080090
0 0.491540 0.035251 0.069374 0.067118
0 0.551043 0.066272 0.066554 0.078398
0 0.456853 0.153412 0.060914 0.068810
0 0.413424 0.010716 0.074450 0.020305
0 0.570784 0.284264 0.045121 0.059786
0 0.900451 0.075296 0.100959 0.094191
0 0.971235 0.173435 0.036097 0.029893
0 0.984208 0.225888 0.023689 0.059222
0 0.957699 0.231810 0.038353 0.046249
0 0.157924 0.351382 0.032713 0.039481
0 0.239989 0.316131 0.045685 0.049069
0 0.272984 0.458263 0.106035 0.097575
0 0.343204 0.424140 0.047941 0.065426
0 0.801748 0.145234 0.052453 0.059222
0 0.483362 0.487310 0.069938 0.053017
0 0.413142 0.521997 0.080654 0.078398
0 0.372814 0.609701 0.077834 0.086858
0 0.298364 0.640158 0.071066 0.051889
0 0.260293 0.760857 0.033277 0.041737
0 0.190355 0.786802 0.037789 0.039481
0 0.433446 0.689791 0.034405 0.059786
