0 0.034405 0.155950 0.065426 0.100959
0 0.311055 0.020587 0.049069 0.035533
0 0.428088 0.156514 0.056402 0.051325
0 0.557812 0.058940 0.043993 0.051325
0 0.620417 0.086294 0.041737 0.046249
0 0.651438 0.165821 0.040609 0.046249
0 0.792160 0.068246 0.021997 0.037225
0 0.932318 0.236323 0.065426 0.062042
0 0.810209 0.272138 0.063734 0.071630
0 0.720530 0.224196 0.060350 0.077270
0 0.628032 0.282290 0.059222 0.062606
0 0.681613 0.372250 0.046813 0.059786
0 0.715736 0.373378 0.032713 0.056402
0 0.820925 0.400169 0.051325 0.063734
0 0.885223 0.422730 0.044557 0.056966
0 0.859560 0.372250 0.055274 0.048505
0 0.544275 0.291032 0.028201 0.039481
0 0.475183 0.234349 0.062606 0.059222
0 0.448393 0.291314 0.066554 0.060350
0 0.461365 0.334743 0.055274 0.046813
0 0.497180 0.300338 0.029893 0.046813
0 0.495488 0.356176 0.027637 0.050197
0 0.430062 0.380711 0.050197 0.057530
0 0.413424 0.405809 0.058658 0.043429
0 0.457417 0.412014 0.029329 0.043429
0 0.361816 0.425550 0.036661 0.034405
0 0.423858 0.490130 0.042301 0.046249
0 0.685561 0.446418 0.043429 0.040045
0 0.641286 0.449239 0.039481 0.041173
0 0.716864 0.491540 0.029329 0.033277
0 0.756345 0.498590 0.025945 0.028201
0 0.743937 0.472081 0.029329 0.024817
0 0.774958 0.507332 0.027073 0.032149
0 0.701354 0.521151 0.026509 0.027073
0 0.661873 0.532149 0.028765 0.032149
0 0.703892 0.549351 0.025945 0.030457
0 0.539763 0.521151 0.030457 0.046249
0 0.562042 0.536943 0.026509 0.040609
0 0.863790 0.639312 0.038917 0.046813
0 0.821771 0.701354 0.037225 0.042301
0 0.570784 0.727016 0.031585 0.042865
0 0.489002 0.632544 0.034969 0.036661
0 0.476311 0.706430 0.032149 0.033277
0 0.442470 0.666385 0.040045 0.034405
0 0.390863 0.710942 0.049633 0.044557
0 0.433446 0.719402 0.034405 0.049069
0 0.405245 0.759729 0.046813 0.049633
0 0.418218 0.822335 0.034405 0.032713
0 0.368302 0.775522 0.038353 0.046249
0 0.292724 0.807671 0.046249 0.043993
0 0.323463 0.842076 0.045685 0.043993
0 0.255781 0.813875 0.037789 0.045121
0 0.291032 0.873660 0.046249 0.033841
0 0.279188 0.936830 0.034969 0.034969
0 0.224196 0.899041 0.034405 0.032713
0 0.287648 0.902989 0.042865 0.016920
0 0.235759 0.862662 0.038353 0.036661
0 0.149182 0.983362 0.045685 0.027637
0 0.201918 0.959955 0.030457 0.024817
0 0.186971 0.986464 0.026509 0.019177
0 0.038071 0.700790 0.061478 0.050197
0 0.026227 0.802030 0.049069 0.039481
0 0.179921 0.917090 0.040609 0.028201
0 0.248449 0.009870 0.041173 0.018613
