0 0.077834 0.070784 0.034969 0.032149 
0 0.063734 0.127186 0.032713 0.032149 
0 0.124365 0.053299 0.032149 0.035533 
0 0.128314 0.107727 0.026509 0.037225 
0 0.126904 0.018049 0.030457 0.031585 
0 0.159616 0.017766 0.028201 0.029893 
0 0.247039 0.041173 0.037225 0.041737 
0 0.304851 0.062324 0.029893 0.037789 
0 0.306825 0.027919 0.038353 0.035533 
0 0.349972 0.017766 0.053582 0.034405 
0 0.410321 0.039763 0.023125 0.023125 
0 0.414552 0.091371 0.023689 0.022561 
0 0.393401 0.167795 0.029893 0.036661 
0 0.391709 0.116187 0.028765 0.029329 
0 0.369148 0.099549 0.020869 0.020869 
0 0.352510 0.112521 0.025945 0.025381 
0 0.318387 0.119853 0.028765 0.031021 
0 0.248167 0.158206 0.036097 0.038917 
0 0.147490 0.067964 0.019741 0.033277 
0 0.616469 0.102369 0.020305 0.020869 
0 0.584038 0.118161 0.023125 0.026509 
0 0.588832 0.064580 0.018049 0.017484 
0 0.571348 0.050761 0.015792 0.021433 
0 0.635082 0.034969 0.024817 0.029329 
0 0.755781 0.044557 0.023689 0.024817 
0 0.817823 0.014100 0.021433 0.022561 
0 0.882403 0.063452 0.027637 0.031021 
0 0.901579 0.014946 0.021997 0.026509 
0 0.829667 0.104061 0.024817 0.029893 
0 0.510716 0.247321 0.056966 0.063734 
0 0.400169 0.320643 0.052453 0.056966 
0 0.498308 0.337281 0.056966 0.042865 
0 0.621545 0.400451 0.059786 0.069938 
0 0.459673 0.440778 0.063170 0.065990 
0 0.432318 0.494078 0.060350 0.047377 
0 0.431472 0.542019 0.034969 0.038353 
0 0.472363 0.540045 0.034405 0.044557 
0 0.612521 0.508742 0.060914 0.078962 
0 0.549069 0.562324 0.041173 0.043993 
0 0.736605 0.573040 0.057530 0.045121 
0 0.271574 0.286520 0.028765 0.024817 
0 0.168359 0.513254 0.036661 0.039481 
0 0.335589 0.319515 0.027073 0.020869 
