0 0.337845 0.017202 0.041737 0.033277
0 0.196560 0.179921 0.029893 0.031585
0 0.344896 0.357868 0.034405 0.027637
0 0.386915 0.340102 0.039481 0.037225
0 0.480823 0.258319 0.108855 0.098139
0 0.640440 0.281444 0.102087 0.086858
0 0.710660 0.382967 0.082346 0.097011
0 0.784264 0.335589 0.067118 0.077834
0 0.844896 0.467287 0.032713 0.065990
0 0.515228 0.410886 0.064862 0.075014
0 0.596447 0.398759 0.065990 0.073322
0 0.737169 0.624647 0.056402 0.050197
0 0.519177 0.618725 0.040045 0.041737
0 0.431754 0.624647 0.051325 0.068246
0 0.476875 0.638184 0.035533 0.055838
0 0.252679 0.593345 0.057530 0.065426
0 0.282008 0.644670 0.045121 0.057530
0 0.210660 0.635646 0.058094 0.056402
0 0.223632 0.550197 0.058094 0.053582
0 0.654540 0.099267 0.020869 0.024817
