0 0.026227 0.027919 0.012972 0.019741
0 0.067682 0.045121 0.015792 0.013536
0 0.080372 0.074450 0.011844 0.015792
0 0.143542 0.008178 0.017484 0.015228
0 0.161027 0.007896 0.014100 0.013536
0 0.152284 0.027919 0.016920 0.018613
0 0.169487 0.035251 0.017484 0.014100
0 0.177383 0.026227 0.011844 0.012972
0 0.189791 0.064580 0.016356 0.017484
0 0.161873 0.056684 0.012408 0.018613
0 0.255499 0.098703 0.014664 0.015792
0 0.238015 0.104625 0.012408 0.014100
0 0.247603 0.120981 0.012408 0.014100
0 0.265651 0.095883 0.014664 0.011280
0 0.192611 0.090525 0.009588 0.011844
0 0.164693 0.095601 0.012408 0.010716
0 0.152566 0.102087 0.014100 0.011280
0 0.059786 0.109419 0.015792 0.013536
0 0.429498 0.007332 0.019741 0.013536
0 0.435984 0.074732 0.027073 0.023125
0 0.426678 0.062042 0.017484 0.010152
0 0.415962 0.053017 0.015228 0.012408
0 0.401297 0.088832 0.026509 0.026509
0 0.401015 0.067118 0.022561 0.018049
0 0.423576 0.101241 0.021433 0.023125
0 0.395657 0.119853 0.023125 0.020869
0 0.422448 0.146926 0.011280 0.014100
0 0.385505 0.170333 0.012972 0.016920
0 0.380147 0.187253 0.014664 0.014664
0 0.359560 0.182177 0.017484 0.018049
0 0.355330 0.207558 0.018049 0.016920
0 0.350818 0.189227 0.018049 0.014100
0 0.525381 0.051889 0.020869 0.020305
0 0.535815 0.091371 0.020305 0.028201
0 0.569656 0.030457 0.016920 0.015792
0 0.543147 0.015792 0.024817 0.021433
0 0.557812 0.032713 0.014664 0.012408
0 0.593063 0.006204 0.033277 0.010152
0 0.622391 0.063734 0.038917 0.036097
0 0.653412 0.029893 0.046813 0.040609
0 0.666385 0.070220 0.032149 0.031021
0 0.656514 0.101241 0.036097 0.032149
0 0.620981 0.087704 0.024817 0.015228
0 0.603779 0.077270 0.017484 0.023689
0 0.638184 0.005922 0.035533 0.010716
0 0.670333 0.006204 0.025381 0.011280
0 0.701072 0.020305 0.036097 0.032713
0 0.705020 0.058376 0.036097 0.040045
0 0.690355 0.084602 0.024817 0.031585
0 0.930908 0.016074 0.017484 0.017484
0 0.862098 0.246757 0.020869 0.018613
0 0.859278 0.265369 0.024253 0.018613
0 0.843204 0.286238 0.019177 0.018613
0 0.802030 0.253243 0.027073 0.021433
0 0.840102 0.236041 0.020869 0.023125
0 0.827411 0.263677 0.014664 0.017484
0 0.903271 0.376199 0.028765 0.025945
0 0.882967 0.390017 0.021997 0.034405
0 0.911450 0.398477 0.022561 0.021997
0 0.932036 0.357022 0.028765 0.027073
0 0.692611 0.292724 0.015792 0.021433
0 0.681331 0.268472 0.016920 0.023689
0 0.673999 0.290750 0.019177 0.023125
0 0.558658 0.333615 0.026509 0.024253
0 0.555556 0.358996 0.016920 0.021997
0 0.540327 0.368020 0.024817 0.021997
0 0.542301 0.318105 0.023125 0.020305
0 0.511844 0.317541 0.024253 0.025945
0 0.518049 0.346870 0.031021 0.030457
0 0.513254 0.378455 0.030457 0.024817
0 0.483644 0.353920 0.027637 0.029893
0 0.498026 0.317823 0.013536 0.021997
0 0.323745 0.258037 0.024817 0.020869
0 0.321771 0.280880 0.024253 0.016920
0 0.299774 0.241117 0.023125 0.017484
0 0.302876 0.218838 0.018049 0.012408
0 0.322053 0.210378 0.013536 0.013536
0 0.288212 0.256063 0.021433 0.020305
0 0.276086 0.286802 0.020869 0.024253
0 0.258883 0.263959 0.021433 0.018049
0 0.269318 0.244501 0.016356 0.018613
0 0.236041 0.243373 0.016356 0.018613
0 0.256627 0.298364 0.018049 0.015792
0 0.238861 0.301748 0.011844 0.012408
0 0.236605 0.282290 0.018613 0.019741
0 0.256345 0.281726 0.016356 0.010716
0 0.223068 0.262549 0.017484 0.011844
0 0.214326 0.241117 0.014664 0.016356
0 0.204174 0.252397 0.018049 0.019741
0 0.098421 0.337281 0.018613 0.011280
0 0.104061 0.318669 0.016356 0.012408
0 0.080090 0.335307 0.016920 0.011844
0 0.086858 0.325155 0.013536 0.008460
0 0.093627 0.279470 0.012408 0.010716
0 0.086012 0.296390 0.014100 0.008460
0 0.079526 0.291314 0.013536 0.008460
0 0.075296 0.325155 0.009588 0.008460
0 0.071630 0.315849 0.012408 0.009024
0 0.291596 0.399323 0.018049 0.023689
0 0.318105 0.431190 0.022561 0.018613
0 0.266497 0.427806 0.024253 0.024253
0 0.245347 0.402425 0.029329 0.026509
0 0.269036 0.376763 0.027073 0.019177
0 0.240271 0.382403 0.028201 0.015792
0 0.236887 0.417654 0.021433 0.024253
0 0.156796 0.427524 0.014664 0.015792
0 0.123801 0.418218 0.021997 0.020869
0 0.113649 0.453469 0.019741 0.016920
0 0.107445 0.489848 0.020869 0.019741
0 0.087986 0.493514 0.016920 0.016920
0 0.104625 0.509306 0.011844 0.013536
0 0.108291 0.531585 0.014664 0.010716
0 0.094191 0.520587 0.016920 0.012408
0 0.074732 0.448111 0.023125 0.018613
0 0.091371 0.457699 0.015792 0.019741
0 0.074732 0.468415 0.017484 0.021997
0 0.040045 0.463903 0.023689 0.023125
0 0.054428 0.435420 0.017484 0.018049
0 0.060350 0.460801 0.016920 0.021433
0 0.059222 0.414552 0.024817 0.020305
0 0.094473 0.401297 0.016356 0.014100
0 0.066836 0.399605 0.018613 0.015228
0 0.021997 0.412578 0.022561 0.016356
0 0.025381 0.432600 0.023689 0.023689
0 0.012408 0.431754 0.012408 0.019741
0 0.315003 0.743937 0.019741 0.020305
0 0.288212 0.732375 0.022561 0.023125
0 0.179357 0.702200 0.013536 0.012408
0 0.183587 0.733503 0.012972 0.012972
0 0.226170 0.753807 0.012408 0.015228
0 0.168359 0.719966 0.014100 0.012972
0 0.168923 0.697124 0.010716 0.011280
0 0.294416 0.785956 0.024817 0.016356
0 0.292160 0.829103 0.021433 0.019177
0 0.271292 0.832205 0.021433 0.020869
0 0.252961 0.845460 0.021997 0.019177
0 0.246193 0.779188 0.021997 0.016356
0 0.273830 0.809645 0.018613 0.016356
0 0.254371 0.803440 0.014664 0.016356
0 0.235477 0.798646 0.020869 0.021433
0 0.221940 0.789058 0.019741 0.014664
0 0.220248 0.810209 0.025381 0.018613
0 0.225606 0.833333 0.027073 0.020869
0 0.211224 0.793570 0.014100 0.014664
0 0.191483 0.838691 0.021997 0.020305
0 0.173999 0.819515 0.017484 0.014664
0 0.168923 0.833333 0.019741 0.016356
0 0.157924 0.820925 0.016920 0.008460
0 0.158488 0.802876 0.011280 0.017484
0 0.639030 0.580090 0.028201 0.027637
0 0.697124 0.621827 0.020305 0.032149
0 0.721940 0.623237 0.021433 0.016920
0 0.716300 0.649464 0.034969 0.031021
0 0.709814 0.683023 0.027637 0.031585
0 0.676537 0.681895 0.034405 0.038353
0 0.664411 0.703892 0.038353 0.025945
0 0.635928 0.673717 0.032149 0.029893
0 0.671179 0.637338 0.027073 0.024817
0 0.650310 0.616469 0.034969 0.033841
0 0.582628 0.685843 0.025945 0.021433
0 0.582628 0.719402 0.032713 0.027637
0 0.598985 0.745911 0.023689 0.020869
0 0.588550 0.763959 0.031021 0.032149
0 0.550761 0.694303 0.029893 0.019177
0 0.549915 0.718274 0.021433 0.020869
0 0.536379 0.732375 0.020305 0.017484
0 0.548505 0.761139 0.032149 0.031021
0 0.556120 0.794698 0.032713 0.024817
0 0.521151 0.767061 0.027073 0.027073
0 0.884377 0.714890 0.018049 0.020869
0 0.849690 0.708968 0.015228 0.016920
0 0.849690 0.724478 0.019741 0.012972
0 0.855894 0.686689 0.020869 0.016356
0 0.826565 0.691483 0.025381 0.031585
0 0.454315 0.820925 0.019741 0.019741
0 0.372250 0.835871 0.015792 0.015792
0 0.351100 0.830795 0.015228 0.015792
0 0.314721 0.853920 0.018049 0.015792
0 0.387761 0.877609 0.016356 0.016920
0 0.360688 0.882121 0.021997 0.015792
0 0.312183 0.878737 0.018613 0.016920
0 0.347434 0.906373 0.014664 0.015792
0 0.361252 0.916526 0.012972 0.016920
0 0.418500 0.933728 0.020305 0.021997
0 0.450085 0.933728 0.020305 0.016356
0 0.380429 0.937112 0.023125 0.020869
0 0.389735 0.924422 0.020305 0.018049
0 0.412014 0.971799 0.023125 0.024817
0 0.382685 0.963057 0.017484 0.017484
0 0.367174 0.973773 0.015792 0.021997
0 0.384941 0.992104 0.023125 0.010152
0 0.367456 0.957135 0.012972 0.011280
0 0.273830 0.940778 0.015228 0.020305
0 0.250705 0.897349 0.016356 0.015792
0 0.231810 0.901579 0.013536 0.016356
0 0.254935 0.937112 0.019177 0.015228
0 0.234631 0.919346 0.014664 0.011280
0 0.232375 0.936266 0.014664 0.014664
0 0.238297 0.952341 0.010716 0.009588
0 0.253525 0.590243 0.011844 0.012972
0 0.263959 0.584320 0.011280 0.014664
