0 0.586858 0.183869 0.096447 0.082346 
0 0.796108 0.213198 0.134800 0.116187 
0 0.643542 0.246193 0.068810 0.072758 
0 0.445290 0.314157 0.120135 0.122955 
0 0.641004 0.347152 0.130288 0.113367 
0 0.691765 0.311901 0.053582 0.067682 
0 0.832487 0.415116 0.109419 0.093627 
0 0.807953 0.467005 0.084038 0.073322 
0 0.797236 0.548787 0.105471 0.082346 
0 0.704456 0.528483 0.066554 0.057530 
0 0.764523 0.652284 0.097575 0.102087 
0 0.828821 0.738297 0.058094 0.046249 
0 0.887761 0.778624 0.054146 0.047941 
0 0.873378 0.825719 0.073886 0.059786 
0 0.762549 0.802030 0.062042 0.058658 
0 0.891145 0.974055 0.081218 0.050761 
0 0.763395 0.956007 0.064862 0.048505 
0 0.474337 0.780316 0.062042 0.062606 
0 0.343486 0.794698 0.074450 0.078962 
0 0.314439 0.932882 0.063734 0.057530 
0 0.279470 0.700226 0.049069 0.052453 
0 0.184997 0.695149 0.050761 0.050197 
0 0.126622 0.648336 0.086294 0.089679 
0 0.064580 0.615341 0.087422 0.084602 
0 0.654258 0.708122 0.059786 0.077270 
0 0.232375 0.589961 0.062042 0.058658 
0 0.327411 0.578962 0.059222 0.072758 
0 0.274112 0.446418 0.080090 0.082910 
