0 0.081218 0.075578 0.018049 0.021433 
0 0.818387 0.030739 0.033841 0.044557 
0 0.829103 0.069092 0.028201 0.035533 
0 0.955161 0.012690 0.036661 0.024253 
0 0.786238 0.160462 0.023689 0.027637 
0 0.818951 0.196842 0.023689 0.024817 
0 0.770164 0.223632 0.035533 0.036661 
0 0.731810 0.237169 0.033277 0.042301 
0 0.556120 0.249859 0.033841 0.038353 
0 0.505358 0.162155 0.031585 0.037789 
0 0.458827 0.181895 0.040045 0.042301 
0 0.488720 0.228426 0.038917 0.039481 
0 0.478849 0.270728 0.032713 0.039481 
0 0.425832 0.249859 0.047377 0.051889 
0 0.479695 0.326001 0.041173 0.043993 
0 0.410321 0.297800 0.036661 0.031585 
0 0.367174 0.276086 0.036097 0.050197 
0 0.367174 0.314721 0.032713 0.027073 
0 0.343486 0.283982 0.013536 0.033277 
0 0.809363 0.481951 0.021433 0.029893 
0 0.734067 0.538353 0.029893 0.037789 
0 0.833615 0.556402 0.023689 0.036661 
0 0.388043 0.600113 0.038353 0.053017 
0 0.311055 0.525945 0.055838 0.053582 
0 0.302030 0.567118 0.051325 0.027637 
0 0.291314 0.597857 0.046813 0.030457 
0 0.345742 0.608291 0.042865 0.044557 
0 0.343204 0.655104 0.045685 0.043429 
0 0.515228 0.819797 0.067118 0.063734 
0 0.516638 0.909193 0.066554 0.082346 
0 0.569938 0.944444 0.053582 0.059222 
0 0.454597 0.965313 0.051889 0.064862 
0 0.428370 0.906091 0.054710 0.062606 
0 0.393119 0.868866 0.043993 0.046813 
0 0.146080 0.866892 0.057530 0.048505 
0 0.136774 0.939650 0.046813 0.056402 
0 0.234067 0.965595 0.038353 0.033841 
0 0.197970 0.957417 0.029329 0.028765 
0 0.092499 0.604907 0.024817 0.034405 
0 0.064580 0.583474 0.021997 0.026509 
0 0.142414 0.521715 0.020869 0.024817 
