0 0.563734 0.057248 0.028765 0.036661 
0 0.533277 0.039199 0.024253 0.037789 
0 0.532149 0.073040 0.028765 0.032149 
0 0.526227 0.125494 0.024817 0.033277 
0 0.443880 0.166949 0.034969 0.038353 
0 0.406091 0.183023 0.027073 0.033277 
0 0.406655 0.225888 0.025945 0.028765 
0 0.381839 0.232375 0.023689 0.039481 
0 0.401015 0.268190 0.014664 0.031021 
0 0.420474 0.271010 0.028765 0.038917 
0 0.445854 0.217428 0.020869 0.031021 
0 0.679639 0.293006 0.023689 0.028765 
0 0.473491 0.369148 0.049069 0.055838 
0 0.429780 0.369430 0.040609 0.040609 
0 0.248449 0.420756 0.078398 0.074450 
0 0.194021 0.416808 0.032713 0.033841 
0 0.225324 0.503666 0.096447 0.101523 
0 0.258883 0.626622 0.058658 0.064298 
0 0.301748 0.644388 0.040609 0.037789 
0 0.348844 0.640440 0.043429 0.025381 
