0 0.489566 0.207558 0.056402 0.059786 
0 0.581500 0.169205 0.036097 0.051889 
0 0.593909 0.349972 0.074450 0.103215 
0 0.476593 0.363508 0.098139 0.116751 
0 0.362944 0.298082 0.087422 0.090807 
0 0.407501 0.418782 0.070502 0.090807 
0 0.497462 0.447265 0.063170 0.050761 
0 0.577270 0.427242 0.075014 0.060350 
0 0.186689 0.560068 0.100395 0.054146 
0 0.149182 0.618443 0.061478 0.042301 
0 0.267625 0.700508 0.076142 0.090243 
0 0.377891 0.707558 0.083474 0.100959 
0 0.257755 0.770164 0.056402 0.055838 
0 0.181895 0.770164 0.069374 0.082910 
