0 0.382685 0.031303 0.020869 0.024253
0 0.405527 0.035815 0.023689 0.019741
0 0.417090 0.016074 0.019741 0.021997
0 0.745911 0.027355 0.044557 0.025381
0 0.847998 0.022843 0.045685 0.040045
0 0.839255 0.161591 0.049633 0.036661
0 0.901297 0.217146 0.047377 0.043993
0 0.924422 0.274394 0.042865 0.045685
0 0.817823 0.245065 0.077834 0.070502
0 0.721376 0.413706 0.060914 0.073886
0 0.616187 0.511844 0.079526 0.075014
0 0.680767 0.521997 0.046249 0.070502
0 0.953469 0.442188 0.068246 0.076706
0 0.531867 0.441906 0.086858 0.088550
0 0.361252 0.457135 0.107727 0.111111
0 0.423858 0.591653 0.062606 0.071066
0 0.359842 0.591653 0.072194 0.068810
0 0.235477 0.170615 0.025381 0.023125
0 0.293570 0.133108 0.025381 0.022561
0 0.314157 0.121545 0.022561 0.026509
0 0.888607 0.714608 0.068246 0.043993
0 0.964185 0.714890 0.071630 0.076142
0 0.588268 0.558094 0.042865 0.049069
0 0.295262 0.516074 0.028765 0.033841
0 0.019459 0.269600 0.029893 0.037225
