0 0.130570 0.417372 0.041173 0.033841
0 0.113085 0.329667 0.033277 0.034405
0 0.108291 0.377327 0.032713 0.032713
0 0.076706 0.349408 0.034969 0.027637
0 0.073604 0.383813 0.029893 0.029893
0 0.047377 0.424986 0.033841 0.033277
0 0.024817 0.399041 0.039481 0.032149
0 0.025945 0.367456 0.029329 0.026509
0 0.054428 0.345742 0.033277 0.030457
0 0.086294 0.322053 0.018049 0.023689
0 0.453751 0.258883 0.086294 0.076706
0 0.529047 0.322899 0.103779 0.098703
0 0.533559 0.217992 0.066554 0.094191
0 0.456571 0.173153 0.082910 0.089114
0 0.476593 0.446983 0.092499 0.085166
0 0.437676 0.517484 0.062042 0.059222
0 0.368020 0.405527 0.088550 0.084602
0 0.320925 0.462211 0.069938 0.068246
0 0.291596 0.370276 0.089114 0.087422
0 0.306825 0.261985 0.097011 0.094191
0 0.351382 0.303158 0.064298 0.069374
0 0.376481 0.214890 0.075014 0.087986
0 0.455161 0.599831 0.076706 0.081782
0 0.558376 0.626622 0.069938 0.071066
0 0.601523 0.971235 0.062606 0.056402
0 0.576988 0.906937 0.043993 0.038353
0 0.516074 0.907219 0.051889 0.047941
0 0.499154 0.980259 0.055274 0.034969
0 0.488156 0.954315 0.044557 0.032713
0 0.608573 0.020305 0.025945 0.022561
0 0.594473 0.039199 0.025945 0.019741
0 0.626058 0.036097 0.025945 0.019177
0 0.934292 0.161027 0.026509 0.031021
0 0.932318 0.133390 0.021433 0.019741
