0 0.115623 0.055274 0.023689 0.019177
0 0.194867 0.148054 0.028765 0.041173
0 0.287084 0.137056 0.041737 0.036097
0 0.897067 0.060350 0.026509 0.050761
0 0.533559 0.256345 0.041737 0.050197
0 0.513536 0.311337 0.053582 0.055274
0 0.467851 0.302876 0.037789 0.049633
0 0.407783 0.273266 0.057530 0.061478
0 0.429780 0.330231 0.065426 0.049069
0 0.498026 0.480541 0.057530 0.066554
0 0.555838 0.538917 0.052453 0.054710
0 0.562042 0.592217 0.054710 0.042865
0 0.354766 0.507614 0.055274 0.060914
0 0.325719 0.398477 0.042301 0.026509
0 0.278342 0.448393 0.031021 0.041737
0 0.221376 0.418782 0.035533 0.035533
0 0.196277 0.579808 0.055274 0.055274
0 0.403271 0.666667 0.054146 0.065426
0 0.252115 0.692893 0.051889 0.045685
0 0.328257 0.748449 0.041737 0.050761
0 0.299774 0.818669 0.046813 0.068246
0 0.383531 0.897631 0.047377 0.052453
0 0.869994 0.738015 0.049069 0.050197
0 0.974619 0.736323 0.033841 0.051325
0 0.978567 0.648336 0.038353 0.055838
0 0.530739 0.676255 0.048505 0.037225
0 0.917936 0.094755 0.046813 0.029329
