0 0.389735 0.171743 0.062042 0.086294
0 0.483362 0.136774 0.056402 0.075014
0 0.539763 0.130852 0.049633 0.056402
0 0.567118 0.197406 0.058094 0.082346
0 0.517484 0.192893 0.038917 0.053017
0 0.460801 0.206148 0.055274 0.056966
0 0.395093 0.249013 0.056966 0.069374
0 0.444444 0.140440 0.034969 0.047377
0 0.982516 0.065708 0.029329 0.040045
0 0.504512 0.386633 0.043429 0.056966
0 0.427242 0.409757 0.049069 0.079526
0 0.468415 0.420474 0.029893 0.059222
0 0.499718 0.425268 0.032713 0.030457
0 0.384377 0.420474 0.037789 0.045685
0 0.452341 0.514100 0.051889 0.047941
0 0.412860 0.531021 0.043993 0.055838
0 0.492668 0.567964 0.040045 0.046249
0 0.551889 0.589961 0.046813 0.059786
0 0.566836 0.539481 0.034969 0.040045
0 0.613931 0.731246 0.044557 0.056966
0 0.650028 0.743373 0.029893 0.033841
0 0.545685 0.705866 0.042301 0.052453
0 0.565990 0.736605 0.032149 0.038353
0 0.453469 0.766215 0.060914 0.058094
0 0.505076 0.771574 0.035533 0.056402
0 0.484772 0.840384 0.040045 0.056402
0 0.422730 0.712070 0.034405 0.038917
0 0.705302 0.589397 0.038917 0.045121
