0 0.713480 0.244783 0.075578 0.078962
0 0.664975 0.204456 0.081218 0.079526
0 0.597011 0.241117 0.037789 0.026509
0 0.546249 0.259447 0.055838 0.059786
0 0.611675 0.324309 0.080654 0.078962
0 0.486464 0.300338 0.069374 0.068246
0 0.546813 0.313875 0.040045 0.055838
0 0.529329 0.360124 0.061478 0.053582
0 0.720248 0.353356 0.053017 0.059222
0 0.757191 0.333615 0.046813 0.046813
0 0.688099 0.397349 0.072194 0.075014
0 0.721658 0.439368 0.072758 0.064298
0 0.623519 0.433164 0.078398 0.076706
0 0.573040 0.486464 0.050761 0.060350
0 0.116751 0.452059 0.025945 0.028765
0 0.106317 0.492668 0.028765 0.024253
0 0.084320 0.511844 0.031021 0.032149
0 0.111393 0.646080 0.041173 0.037789
0 0.101805 0.728144 0.033277 0.041737
0 0.278624 0.721094 0.041737 0.054710
0 0.325437 0.691483 0.046249 0.049633
0 0.367738 0.716582 0.034969 0.041173
0 0.330795 0.781444 0.052453 0.055838
0 0.203892 0.782854 0.041173 0.047377
0 0.241117 0.824027 0.046813 0.049633
0 0.294698 0.814439 0.043429 0.036097
0 0.335025 0.854484 0.037225 0.042865
0 0.292442 0.837563 0.040045 0.021433
0 0.421320 0.818951 0.043993 0.045121
0 0.470953 0.857022 0.036097 0.035533
0 0.404117 0.886351 0.026509 0.021997
0 0.408347 0.905245 0.023689 0.018049
0 0.432882 0.929216 0.038917 0.046813
0 0.465877 0.955725 0.040609 0.035533
0 0.371968 0.891427 0.033277 0.029893
0 0.388889 0.928652 0.036661 0.037789
0 0.389735 0.971799 0.043993 0.038353
