0 0.104061 0.038353 0.035533 0.031585
0 0.198534 0.101805 0.021433 0.023125
0 0.219120 0.093909 0.023125 0.024253
0 0.165257 0.148900 0.030457 0.038353
0 0.224478 0.148900 0.023689 0.024817
0 0.082910 0.215172 0.034969 0.035533
0 0.046249 0.230118 0.037225 0.031585
0 0.119853 0.325719 0.040045 0.035533
0 0.068246 0.402989 0.033841 0.037789
0 0.336153 0.172025 0.063170 0.058658
0 0.303440 0.217710 0.038353 0.063170
0 0.296108 0.268754 0.049633 0.040045
0 0.379583 0.297518 0.054146 0.060350
0 0.372814 0.404963 0.058658 0.063170
0 0.474337 0.073886 0.023689 0.030457
0 0.507050 0.078116 0.024817 0.017484
0 0.553864 0.113931 0.030457 0.034969
0 0.623237 0.023689 0.024817 0.030457
0 0.551607 0.148336 0.025945 0.025945
0 0.693739 0.040609 0.023689 0.030457
0 0.537225 0.245065 0.050197 0.042301
0 0.583474 0.300902 0.051325 0.058094
0 0.613367 0.451213 0.051325 0.059786
0 0.539199 0.366328 0.048505 0.036661
0 0.364354 0.562324 0.048505 0.043993
0 0.525381 0.548223 0.040045 0.048505
0 0.593909 0.632262 0.037225 0.040609
0 0.535533 0.621263 0.047941 0.055838
0 0.644106 0.692047 0.027073 0.029329
0 0.558376 0.714326 0.039481 0.029893
0 0.533277 0.744219 0.040045 0.021997
0 0.468415 0.733221 0.037789 0.038353
0 0.443034 0.765369 0.040045 0.039481
0 0.404399 0.736041 0.049633 0.062042
0 0.310209 0.704456 0.051889 0.050761
0 0.413142 0.605471 0.051325 0.036661
0 0.551325 0.576142 0.043429 0.032149
0 0.306543 0.662437 0.064862 0.025381
0 0.298364 0.749577 0.055274 0.032713
0 0.385505 0.794134 0.045685 0.054146
0 0.393119 0.860406 0.027073 0.035533
0 0.457417 0.886069 0.029329 0.029329
0 0.599831 0.829103 0.044557 0.047377
0 0.659898 0.844896 0.037225 0.039481
0 0.839820 0.560068 0.027073 0.019177
0 0.867738 0.532995 0.032149 0.027073
0 0.927524 0.543429 0.044557 0.026509
0 0.897913 0.488156 0.039481 0.035533
0 0.896221 0.419628 0.043993 0.041737
0 0.958827 0.309363 0.040609 0.044557
0 0.905245 0.243091 0.046249 0.043993
0 0.769036 0.121263 0.033277 0.033841
0 0.851946 0.041173 0.033277 0.028201
0 0.890581 0.044557 0.028201 0.029329
0 0.535815 0.281444 0.050761 0.031585
