0 0.200508 0.069092 0.071630 0.063734
0 0.170615 0.017484 0.053582 0.029329
0 0.252679 0.047377 0.033841 0.034969
0 0.295262 0.125776 0.047941 0.041737
0 0.621545 0.137620 0.058658 0.049633
0 0.634800 0.085448 0.061478 0.060350
0 0.631134 0.227016 0.056402 0.061478
0 0.208686 0.359560 0.083474 0.062606
0 0.264241 0.400733 0.059222 0.071630
0 0.227862 0.473773 0.075578 0.074450
0 0.078116 0.433164 0.084038 0.089114
0 0.214608 0.637338 0.040045 0.042865
0 0.152566 0.683869 0.076142 0.077270
0 0.137056 0.717710 0.063170 0.037789
0 0.681331 0.496052 0.051889 0.037789
0 0.754935 0.564016 0.072758 0.080090
0 0.912296 0.583192 0.091935 0.084602
0 0.882403 0.632544 0.075014 0.055838
0 0.794416 0.668077 0.060350 0.062606
0 0.790750 0.730118 0.072194 0.060350
0 0.845742 0.733785 0.036661 0.056402
0 0.892555 0.312465 0.034405 0.034969
0 0.657642 0.550479 0.040609 0.032713
0 0.637902 0.729554 0.065426 0.068246
0 0.624647 0.655386 0.059222 0.046249
0 0.748449 0.793570 0.059786 0.048505
0 0.748449 0.878173 0.060914 0.053017
0 0.704456 0.927242 0.040609 0.041737
0 0.084602 0.922730 0.073322 0.082346
0 0.149182 0.885223 0.052453 0.059222
0 0.030739 0.906373 0.041173 0.057530
0 0.108291 0.817541 0.056402 0.044557
