0 0.364072 0.098703 0.055838 0.064298
0 0.413142 0.043429 0.037789 0.037225
0 0.512972 0.065990 0.034405 0.048505
0 0.197406 0.054710 0.043993 0.055274
0 0.263113 0.018895 0.054710 0.034405
0 0.175691 0.013254 0.082910 0.025381
0 0.194867 0.435702 0.055838 0.037789
0 0.190355 0.491822 0.045685 0.037225
0 0.233221 0.550197 0.046813 0.034405
0 0.158206 0.609137 0.042301 0.029329
0 0.795262 0.160462 0.080090 0.097575
0 0.772984 0.026791 0.049069 0.049069
0 0.762831 0.093345 0.051325 0.053582
0 0.719684 0.135082 0.051889 0.059222
0 0.970389 0.104907 0.059222 0.085730
0 0.848280 0.190073 0.049633 0.051889
0 0.864636 0.222504 0.056402 0.042301
0 0.776932 0.257191 0.067118 0.057530
0 0.974901 0.029047 0.036661 0.033277
0 0.294698 0.193175 0.054710 0.047941
0 0.275240 0.240553 0.037225 0.042301
0 0.135364 0.191201 0.032713 0.029329
0 0.473773 0.582346 0.082346 0.093063
0 0.492668 0.682459 0.088550 0.093627
0 0.667513 0.551889 0.086294 0.094191
0 0.638466 0.639030 0.041737 0.078962
0 0.914834 0.836153 0.050761 0.055838
0 0.908347 0.701072 0.050197 0.048505
0 0.978567 0.677947 0.038353 0.054146
0 0.067400 0.876199 0.060350 0.052453
0 0.095601 0.925268 0.065990 0.047941
0 0.052735 0.981951 0.061478 0.036097
0 0.016356 0.935138 0.029329 0.054146
0 0.575296 0.608291 0.131980 0.147208
