0 0.148336 0.028765 0.036097 0.036097
0 0.093909 0.019741 0.033277 0.025945
0 0.070784 0.086576 0.027637 0.019741
0 0.070502 0.114213 0.029329 0.023125
0 0.137056 0.104625 0.021433 0.024253
0 0.073886 0.153976 0.029329 0.022561
0 0.224760 0.312183 0.028765 0.026509
0 0.168923 0.336999 0.043429 0.033277
0 0.095883 0.395093 0.031585 0.028765
0 0.120981 0.417372 0.024253 0.020305
0 0.160745 0.486464 0.028201 0.020869
0 0.230400 0.507896 0.021997 0.024253
0 0.276650 0.532431 0.033277 0.031585
0 0.250423 0.569092 0.031585 0.027073
0 0.211788 0.575860 0.021997 0.027073
0 0.162155 0.585166 0.031021 0.028765
0 0.069656 0.608855 0.032149 0.026509
0 0.041455 0.522561 0.028765 0.031021
0 0.041737 0.585730 0.031585 0.031021
0 0.647208 0.270446 0.063734 0.044557
0 0.406937 0.347152 0.053582 0.052453
0 0.378173 0.397349 0.056966 0.046813
0 0.645516 0.428088 0.072758 0.065426
0 0.697406 0.434574 0.045685 0.050197
0 0.584884 0.530457 0.072194 0.065990
0 0.429498 0.591089 0.064862 0.049633
0 0.404117 0.540327 0.056966 0.041737
0 0.157642 0.693457 0.033277 0.033277
0 0.330513 0.708404 0.033841 0.037225
0 0.391427 0.704174 0.041737 0.034405
0 0.503948 0.661873 0.062606 0.050197
0 0.656514 0.928934 0.029329 0.033841
0 0.906937 0.550197 0.027073 0.019741
0 0.858996 0.677101 0.037225 0.032149
0 0.884377 0.778060 0.039481 0.042301
0 0.890863 0.727016 0.026509 0.025945
0 0.957135 0.785110 0.033841 0.029329
0 0.965877 0.767908 0.026509 0.031021
0 0.784828 0.018895 0.054710 0.029893
