0 0.018613 0.049351 0.021433 0.024253
0 0.041173 0.052735 0.019177 0.024253
0 0.045685 0.023407 0.024817 0.025381
0 0.089397 0.012690 0.025381 0.023125
0 0.067682 0.013536 0.014664 0.018049
0 0.089961 0.045967 0.020869 0.028765
0 0.113085 0.064862 0.020869 0.024817
0 0.112803 0.025945 0.020305 0.015792
0 0.117315 0.042019 0.019177 0.019741
0 0.222222 0.217146 0.016920 0.019177
0 0.197970 0.229272 0.021433 0.018613
0 0.191201 0.190919 0.023689 0.023125
0 0.207276 0.172589 0.020869 0.023689
0 0.173153 0.152002 0.027073 0.025381
0 0.159898 0.161591 0.026509 0.023125
0 0.141568 0.171743 0.020305 0.015228
0 0.149182 0.198534 0.042301 0.031585
0 0.114213 0.163283 0.027637 0.017484
0 0.056120 0.162719 0.019741 0.020869
0 0.008460 0.129160 0.014664 0.022561
0 0.013818 0.159898 0.017484 0.014100
0 0.101523 0.200226 0.049633 0.045121
0 0.112521 0.249295 0.042301 0.042865
0 0.077834 0.210942 0.024817 0.039481
0 0.050197 0.234067 0.037225 0.043993
0 0.069092 0.271292 0.035533 0.032713
0 0.124365 0.290186 0.027637 0.031021
0 0.159616 0.297236 0.041737 0.034969
0 0.192893 0.294980 0.028201 0.031585
0 0.141004 0.261139 0.022561 0.022561
0 0.154258 0.269036 0.029893 0.015792
0 0.283700 0.280316 0.015792 0.015792
0 0.356458 0.307671 0.015792 0.021997
0 0.388043 0.311619 0.019177 0.012972
0 0.340666 0.007050 0.028201 0.012972
0 0.366892 0.009306 0.024253 0.015228
0 0.377045 0.035533 0.021997 0.024817
0 0.399041 0.042583 0.019741 0.023125
0 0.425832 0.013536 0.027073 0.024817
0 0.401861 0.008460 0.018613 0.015792
0 0.510716 0.136774 0.016356 0.026509
0 0.667795 0.087704 0.013536 0.016356
0 0.690637 0.094755 0.014100 0.019177
0 0.730118 0.161591 0.015228 0.015228
0 0.690637 0.199380 0.017484 0.015228
0 0.600113 0.155104 0.019177 0.020305
0 0.609419 0.186407 0.017484 0.020869
0 0.582628 0.174281 0.016920 0.022561
0 0.622673 0.223632 0.036097 0.036661
0 0.651438 0.270728 0.030457 0.031585
0 0.633390 0.290468 0.018049 0.029329
0 0.644388 0.304287 0.017484 0.023125
0 0.634800 0.326001 0.017484 0.023689
0 0.607727 0.316131 0.033277 0.033277
0 0.613085 0.280034 0.022561 0.031021
0 0.582910 0.234349 0.031021 0.032149
0 0.570784 0.250423 0.030457 0.023689
0 0.569374 0.276932 0.028765 0.029329
0 0.554710 0.301184 0.024253 0.023689
0 0.543711 0.262831 0.024817 0.028201
0 0.515228 0.293288 0.026509 0.031585
0 0.760011 0.463057 0.028765 0.023689
0 0.806825 0.533841 0.009588 0.041173
0 0.795826 0.524253 0.020305 0.038917
0 0.731528 0.564298 0.032713 0.036661
0 0.701918 0.630288 0.043429 0.040045
0 0.808235 0.651156 0.053017 0.051325
0 0.535815 0.450085 0.028201 0.028201
0 0.489002 0.508460 0.036097 0.035533
0 0.443034 0.508460 0.047941 0.051325
0 0.478285 0.544275 0.029329 0.029329
0 0.464749 0.546249 0.027073 0.024253
0 0.466159 0.579808 0.046813 0.041737
0 0.518895 0.675973 0.029329 0.034405
0 0.449803 0.608855 0.040045 0.027637
0 0.402707 0.547377 0.042865 0.037789
0 0.393965 0.489848 0.037789 0.031021
0 0.366892 0.502538 0.044557 0.034969
0 0.830231 0.303158 0.032713 0.033277
0 0.813029 0.312465 0.023125 0.022561
0 0.867456 0.287648 0.031585 0.021433
0 0.877609 0.305979 0.030457 0.027637
0 0.910603 0.288212 0.034405 0.032713
0 0.934574 0.319233 0.033841 0.027073
0 0.924140 0.349408 0.034405 0.034405
0 0.848844 0.348844 0.030457 0.028765
0 0.872814 0.380993 0.028765 0.028765
0 0.812747 0.446136 0.027073 0.023689
0 0.818669 0.477157 0.028765 0.024817
0 0.756909 0.463339 0.028201 0.026509
0 0.953469 0.496898 0.058094 0.057530
0 0.900733 0.490694 0.039481 0.042865
0 0.917654 0.542301 0.049633 0.044557
0 0.866892 0.494360 0.043993 0.044557
0 0.831641 0.529893 0.056966 0.054710
0 0.851664 0.575578 0.064298 0.055838
0 0.884941 0.609983 0.037225 0.037789
0 0.963903 0.568528 0.048505 0.048505
0 0.974337 0.604061 0.033277 0.034969
0 0.939650 0.616187 0.050761 0.051325
0 0.917090 0.663001 0.038353 0.036661
