0 0.465595 0.082628 0.029893 0.032149
0 0.463621 0.117033 0.033841 0.031021
0 0.333615 0.147772 0.052453 0.055274
0 0.383249 0.152002 0.018613 0.028765
0 0.426678 0.187535 0.045685 0.042301
0 0.487592 0.236323 0.050197 0.062042
0 0.514946 0.294134 0.057530 0.067118
0 0.556402 0.251551 0.050197 0.058658
0 0.455443 0.239707 0.033277 0.057530
0 0.620699 0.396785 0.044557 0.050197
0 0.531021 0.343768 0.044557 0.045685
0 0.454315 0.417654 0.031021 0.027637
0 0.760293 0.341230 0.050761 0.046249
0 0.896503 0.413142 0.059222 0.060350
0 0.963903 0.380429 0.055274 0.071630
0 0.983644 0.440496 0.028201 0.058658
0 0.260011 0.320925 0.032713 0.034969
0 0.224196 0.322335 0.027637 0.033277
0 0.136492 0.532995 0.032713 0.027073
0 0.206148 0.581500 0.062606 0.063170
0 0.254371 0.620699 0.049633 0.053582
0 0.306543 0.607163 0.053582 0.055838
0 0.358150 0.573604 0.051889 0.057530
0 0.476029 0.602933 0.037225 0.038353
0 0.424422 0.732939 0.032149 0.027637
0 0.926114 0.774676 0.056402 0.063734
0 0.854766 0.767625 0.052453 0.054146
0 0.194303 0.763677 0.029893 0.039481
0 0.115341 0.732092 0.049069 0.046249
0 0.114777 0.688945 0.040045 0.038917
0 0.141286 0.637056 0.038917 0.040045
0 0.055274 0.679357 0.042865 0.051325
0 0.302312 0.957699 0.029329 0.032713
0 0.293570 0.922730 0.033277 0.043993
0 0.339820 0.919346 0.038917 0.029329
