0 0.443598 0.220248 0.056966 0.049069
0 0.575578 0.372250 0.063734 0.063170
0 0.593909 0.470671 0.121827 0.147208
0 0.435984 0.492104 0.073322 0.077270
0 0.486182 0.664693 0.058658 0.073886
0 0.580090 0.746757 0.063734 0.054146
0 0.495770 0.741117 0.043993 0.047377
0 0.463057 0.685561 0.048505 0.059222
0 0.440496 0.642414 0.042865 0.046249
0 0.322053 0.818669 0.057530 0.054710
0 0.422730 0.871686 0.040045 0.051325
0 0.454597 0.869148 0.030457 0.042865
0 0.416244 0.917654 0.034969 0.040609
0 0.543711 0.869148 0.055274 0.059786
