0 0.261985 0.105753 0.032149 0.040045 
0 0.319515 0.100959 0.025381 0.030457 
0 0.205584 0.028765 0.025381 0.031585 
0 0.018331 0.284546 0.035533 0.071630 
0 0.036661 0.347716 0.055274 0.051325 
0 0.533559 0.209814 0.041737 0.045121 
0 0.893965 0.226734 0.071066 0.081218 
0 0.587704 0.271010 0.103779 0.086294 
0 0.645516 0.359842 0.098703 0.101523 
0 0.792724 0.406937 0.049069 0.050197 
0 0.723068 0.397067 0.055274 0.058658 
0 0.672589 0.456571 0.063734 0.079526 
0 0.550197 0.518049 0.150592 0.152848 
0 0.500282 0.391991 0.071066 0.055274 
0 0.377891 0.549915 0.102651 0.112803 
0 0.278624 0.457135 0.057530 0.064862 
0 0.193739 0.530457 0.052453 0.052453 
0 0.125494 0.477157 0.054710 0.060914 
0 0.149746 0.416808 0.059222 0.053017 
0 0.068528 0.531021 0.052453 0.038917 
0 0.038917 0.681613 0.066554 0.068246 
0 0.082064 0.634518 0.045685 0.048505 
0 0.375917 0.850818 0.067118 0.055838 
0 0.402425 0.923576 0.067118 0.071630 
0 0.092499 0.917936 0.102651 0.098703 
0 0.094755 0.978003 0.085730 0.040609 
