0 0.553582 0.265087 0.064862 0.071066 
0 0.510998 0.330513 0.045121 0.060914 
0 0.525945 0.369148 0.033277 0.034405 
0 0.578116 0.346306 0.043993 0.047377 
0 0.633672 0.354766 0.049069 0.065426 
0 0.686125 0.318669 0.044557 0.046249 
0 0.582910 0.423576 0.049069 0.067682 
0 0.237733 0.356740 0.056966 0.056966 
0 0.210096 0.412296 0.045685 0.043993 
0 0.193175 0.335307 0.035533 0.038917 
0 0.159052 0.386351 0.028201 0.037225 
0 0.171179 0.440214 0.038917 0.060350 
0 0.194585 0.475747 0.045121 0.050197 
0 0.127186 0.503948 0.040045 0.051325 
0 0.132826 0.553017 0.043429 0.041173 
0 0.019741 0.540891 0.024817 0.037225 
0 0.287930 0.742245 0.081782 0.078962 
0 0.329667 0.692047 0.053582 0.058658 
0 0.268472 0.785674 0.057530 0.031585 
0 0.290750 0.820643 0.064862 0.054146 
0 0.327693 0.800338 0.042865 0.041737 
0 0.064298 0.937676 0.054146 0.046813 
0 0.447829 0.685843 0.028201 0.032713 
0 0.434010 0.610547 0.055838 0.035533 
0 0.543429 0.750423 0.067118 0.072758 
0 0.782008 0.679357 0.065990 0.086294 
0 0.866610 0.699380 0.056966 0.059786 
0 0.902425 0.634800 0.069938 0.064862 
0 0.973209 0.652002 0.051325 0.057530 
0 0.811055 0.729836 0.046249 0.045121 
0 0.731810 0.673435 0.044557 0.063170 
0 0.757191 0.971517 0.046813 0.054710 
0 0.695995 0.945290 0.042865 0.053017 
