0 0.020023 0.068528 0.016356 0.011844
0 0.020305 0.090243 0.011280 0.014664
0 0.034687 0.099831 0.016356 0.013536
0 0.010716 0.087422 0.010152 0.011280
0 0.032431 0.051043 0.008460 0.008460
0 0.003666 0.074168 0.006204 0.008460
0 0.078116 0.154540 0.012972 0.010152
0 0.064862 0.172025 0.016920 0.012408
0 0.076142 0.188381 0.016920 0.014664
0 0.059786 0.188945 0.015792 0.014664
0 0.072476 0.202764 0.018613 0.009588
0 0.065990 0.220812 0.018049 0.014100
0 0.041455 0.203610 0.012972 0.010152
0 0.042301 0.220530 0.014664 0.013536
0 0.031867 0.221940 0.009588 0.011844
0 0.028483 0.208404 0.008460 0.008460
0 0.037225 0.239707 0.015792 0.013536
0 0.037507 0.251833 0.011844 0.011844
0 0.046249 0.267343 0.010152 0.013536
0 0.026791 0.262267 0.014100 0.013536
0 0.015510 0.316131 0.014100 0.015228
0 0.022279 0.330513 0.014100 0.011280
0 0.174563 0.021715 0.011844 0.012972
0 0.164693 0.044275 0.012408 0.014100
0 0.185843 0.038071 0.009588 0.011844
0 0.195995 0.030175 0.010716 0.008460
0 0.178229 0.074450 0.009024 0.009024
0 0.179357 0.087140 0.011280 0.008460
0 0.165257 0.079244 0.011280 0.012972
0 0.262831 0.014946 0.012408 0.011844
0 0.250423 0.025945 0.012408 0.011280
0 0.256345 0.005076 0.011844 0.007896
0 0.317259 0.065708 0.014100 0.015228
0 0.314439 0.089679 0.015228 0.012408
0 0.302030 0.077270 0.011844 0.014664
0 0.317259 0.145234 0.015228 0.015228
0 0.296954 0.141286 0.016356 0.016356
0 0.335871 0.163283 0.014100 0.012972
0 0.298646 0.159052 0.015228 0.011280
0 0.301184 0.172589 0.013536 0.011280
0 0.285392 0.157924 0.014664 0.013536
0 0.392273 0.154822 0.016356 0.012972
0 0.413142 0.083756 0.015228 0.017484
0 0.392273 0.087422 0.016356 0.011280
0 0.389735 0.074450 0.016920 0.015792
0 0.391427 0.042301 0.015792 0.011280
0 0.371122 0.030739 0.015792 0.011844
0 0.406937 0.010998 0.015228 0.014100
0 0.453469 0.080936 0.019177 0.016356
0 0.476593 0.077270 0.015792 0.014664
0 0.489284 0.060350 0.014100 0.015792
0 0.470107 0.056684 0.020869 0.017484
0 0.452905 0.062042 0.012408 0.014664
0 0.523125 0.065990 0.018613 0.020305
0 0.510716 0.069374 0.018613 0.022561
0 0.522279 0.040327 0.027073 0.026509
0 0.544839 0.040891 0.021433 0.020869
0 0.549633 0.027919 0.023125 0.011844
0 0.677947 0.117315 0.021433 0.024817
0 0.708404 0.112521 0.015792 0.019741
0 0.717992 0.085730 0.022561 0.023689
0 0.685561 0.088832 0.027637 0.028765
0 0.849690 0.038353 0.016356 0.019177
0 0.865482 0.010434 0.017484 0.018613
0 0.842640 0.014100 0.023689 0.019177
0 0.820361 0.007614 0.020869 0.011844
0 0.983926 0.065426 0.020869 0.022561
0 0.966723 0.059786 0.016920 0.016920
0 0.955443 0.049915 0.012408 0.011844
0 0.882121 0.395093 0.021433 0.017484
0 0.993232 0.423012 0.013536 0.022561
0 0.993796 0.385505 0.012408 0.020869
0 0.980823 0.373378 0.018049 0.016920
0 0.971517 0.361534 0.019741 0.013536
0 0.958545 0.377891 0.017484 0.015792
0 0.800056 0.438804 0.026509 0.031585
0 0.763395 0.455161 0.029893 0.030457
0 0.752961 0.469543 0.030457 0.021997
0 0.732092 0.432600 0.032713 0.033841
0 0.774676 0.412860 0.034405 0.032713
0 0.771574 0.389171 0.029329 0.022561
0 0.738015 0.391427 0.034405 0.032713
0 0.667231 0.315567 0.021433 0.020869
0 0.680203 0.333051 0.015792 0.017484
0 0.688099 0.300902 0.019177 0.017484
0 0.583756 0.299492 0.014664 0.013536
0 0.616187 0.250423 0.012972 0.016920
0 0.597011 0.244783 0.012972 0.013536
0 0.588550 0.249859 0.016356 0.013536
0 0.588832 0.272420 0.016920 0.016920
0 0.563734 0.291032 0.018613 0.013536
0 0.565426 0.274676 0.018613 0.015792
0 0.496616 0.357022 0.014100 0.018049
0 0.437958 0.342640 0.016356 0.014100
0 0.456289 0.317541 0.028201 0.023689
0 0.456289 0.284546 0.021433 0.025381
0 0.425550 0.294134 0.025381 0.025381
0 0.423012 0.278342 0.020305 0.011844
0 0.424140 0.329103 0.024817 0.018613
0 0.402425 0.312747 0.020869 0.021997
0 0.317259 0.353920 0.012972 0.011844
0 0.335589 0.338409 0.015792 0.012408
0 0.313875 0.337563 0.017484 0.015228
0 0.315285 0.321489 0.012408 0.011280
0 0.338973 0.319515 0.019177 0.015228
0 0.344050 0.302030 0.021433 0.016356
0 0.348562 0.285392 0.013536 0.012408
0 0.320079 0.298364 0.019741 0.020305
0 0.326283 0.278342 0.019741 0.016356
0 0.309927 0.268754 0.012972 0.011844
0 0.336435 0.264241 0.014100 0.010716
0 0.331923 0.252679 0.010716 0.006768
0 0.317259 0.251833 0.012972 0.012972
0 0.282290 0.225606 0.010716 0.007896
0 0.280034 0.235759 0.010716 0.010152
0 0.270728 0.223068 0.010152 0.010716
0 0.266215 0.232375 0.010152 0.011280
0 0.255781 0.227580 0.014100 0.014100
0 0.253525 0.245065 0.012972 0.009588
0 0.256345 0.254935 0.020869 0.007896
0 0.273830 0.269036 0.009588 0.010152
0 0.255217 0.268190 0.015228 0.012972
0 0.243373 0.269036 0.009588 0.010152
0 0.248167 0.309081 0.012408 0.014664
0 0.240553 0.295826 0.015228 0.016356
0 0.221940 0.294134 0.011844 0.012972
0 0.222786 0.308235 0.016920 0.012972
0 0.230400 0.320643 0.015228 0.012972
0 0.178229 0.292724 0.007896 0.010152
0 0.182741 0.308799 0.007896 0.007332
0 0.185279 0.320925 0.012972 0.012408
0 0.166385 0.309081 0.010152 0.010152
0 0.155386 0.316131 0.010716 0.009588
0 0.145516 0.315849 0.013536 0.010152
0 0.197124 0.338127 0.014100 0.011844
0 0.197124 0.355612 0.018613 0.014100
0 0.181613 0.361534 0.015792 0.013536
0 0.184433 0.348844 0.013536 0.008460
0 0.169205 0.349972 0.014664 0.011844
0 0.172307 0.371122 0.018613 0.012408
0 0.206994 0.366046 0.012408 0.007896
0 0.187253 0.382685 0.019177 0.012972
0 0.240271 0.380147 0.020305 0.014664
0 0.226734 0.378455 0.007896 0.014664
0 0.263677 0.394529 0.017484 0.018613
0 0.277496 0.419346 0.014664 0.014100
0 0.258319 0.413988 0.014664 0.015792
0 0.304569 0.519741 0.012408 0.010716
0 0.321207 0.501974 0.009588 0.015792
0 0.301184 0.504794 0.012408 0.014664
0 0.308799 0.491540 0.009588 0.009588
0 0.300902 0.492668 0.011844 0.011844
0 0.287366 0.510434 0.008460 0.011280
0 0.287930 0.524817 0.014100 0.011844
0 0.356458 0.561478 0.027073 0.027637
0 0.360970 0.589397 0.024817 0.025945
0 0.382121 0.584038 0.019741 0.017484
0 0.330795 0.587986 0.029893 0.028765
0 0.332769 0.560632 0.022561 0.021433
0 0.320925 0.604625 0.021433 0.022561
0 0.343768 0.624083 0.028765 0.028765
0 0.284828 0.636492 0.018049 0.015228
0 0.276932 0.617597 0.013536 0.012408
0 0.265933 0.627468 0.014100 0.011844
0 0.261985 0.637338 0.007332 0.007896
0 0.306543 0.821771 0.029893 0.030457
0 0.319797 0.790750 0.021433 0.020305
0 0.290186 0.763677 0.032149 0.027073
0 0.255781 0.777214 0.026509 0.025945
0 0.292160 0.798928 0.018049 0.016356
0 0.279470 0.842922 0.029893 0.028765
0 0.299210 0.873378 0.021997 0.016356
0 0.256345 0.810209 0.040045 0.031021
0 0.345178 0.949521 0.025945 0.026509
0 0.318387 0.936830 0.023125 0.023689
0 0.319515 0.974055 0.026509 0.030457
0 0.343768 0.987592 0.026509 0.023689
0 0.300056 0.953187 0.020305 0.023689
0 0.560068 0.984772 0.023689 0.022561
0 0.679921 0.985618 0.024253 0.020869
0 0.655386 0.968979 0.022561 0.021433
0 0.688099 0.939932 0.016920 0.018613
0 0.677665 0.966723 0.018613 0.015792
0 0.666949 0.941624 0.020869 0.015228
0 0.578962 0.823745 0.015228 0.021997
0 0.545403 0.796108 0.021433 0.019741
0 0.538635 0.816695 0.023689 0.020305
0 0.721658 0.627186 0.025381 0.027073
0 0.740271 0.641850 0.015228 0.022561
0 0.777496 0.668077 0.024253 0.029893
0 0.760293 0.699098 0.024817 0.023125
0 0.741399 0.668077 0.025381 0.021997
0 0.747039 0.680767 0.031021 0.020305
0 0.703892 0.668641 0.033841 0.032149
0 0.722786 0.697688 0.025381 0.021433
0 0.686125 0.689227 0.031021 0.023689
0 0.664975 0.666949 0.030457 0.026509
0 0.693739 0.635364 0.025945 0.026509
0 0.674281 0.622955 0.025381 0.020869
0 0.660745 0.063170 0.015228 0.019177
0 0.649746 0.063452 0.009024 0.019741
0 0.682459 0.051325 0.015792 0.019177
0 0.669769 0.034405 0.019741 0.024817
0 0.802876 0.059222 0.018613 0.014664
0 0.948675 0.063452 0.018049 0.014100
