0 0.715172 0.182741 0.058658 0.058658
0 0.817259 0.184997 0.067682 0.060914
0 0.860688 0.266497 0.077834 0.076142
0 0.801184 0.313029 0.052453 0.036097
0 0.760011 0.355048 0.042301 0.034405
0 0.757473 0.419628 0.040609 0.036097
0 0.920756 0.385505 0.041173 0.036661
0 0.641850 0.378455 0.054146 0.053017
0 0.457981 0.222786 0.097011 0.094755
0 0.545121 0.212634 0.062606 0.066554
0 0.446701 0.268754 0.063170 0.052453
0 0.504512 0.349126 0.086294 0.076706
0 0.451777 0.322335 0.042865 0.062606
0 0.077834 0.419346 0.048505 0.043429
0 0.320925 0.478285 0.049633 0.043993
0 0.372532 0.455161 0.041173 0.046249
0 0.462493 0.423012 0.051889 0.050761
0 0.276650 0.463621 0.065990 0.074450
0 0.368584 0.496898 0.045685 0.033841
0 0.476593 0.509870 0.063170 0.059786
0 0.423294 0.607163 0.067118 0.067118
0 0.333897 0.604061 0.069938 0.059786
0 0.267343 0.611675 0.051889 0.050197
0 0.218556 0.613085 0.041173 0.045121
0 0.973491 0.500564 0.046249 0.047941
0 0.867174 0.643542 0.075014 0.085730
0 0.965877 0.641850 0.065990 0.057530
0 0.389171 0.779470 0.106035 0.100395
0 0.273548 0.723632 0.051889 0.046249
0 0.325155 0.830513 0.043429 0.060350
0 0.382967 0.887479 0.078962 0.084038
0 0.501692 0.899041 0.062606 0.063170
0 0.507896 0.845460 0.043429 0.041737
0 0.448675 0.916808 0.050197 0.064862
0 0.393401 0.949521 0.051325 0.040045
0 0.595601 0.958827 0.048505 0.058658
0 0.454597 0.769318 0.023689 0.050761
0 0.428652 0.841794 0.065426 0.059222
0 0.121263 0.868302 0.041737 0.047941
0 0.152848 0.832769 0.037225 0.055838
