0 0.037507 0.367738 0.071630 0.080090 
0 0.135928 0.549069 0.074450 0.065990 
0 0.059504 0.454597 0.050197 0.047377 
0 0.392837 0.168923 0.025381 0.033277 
0 0.609701 0.232092 0.019177 0.034405 
0 0.208968 0.594473 0.054710 0.049633 
0 0.421038 0.473209 0.090807 0.063170 
0 0.481669 0.539481 0.066554 0.056966 
0 0.410886 0.629160 0.100959 0.096447 
0 0.492104 0.653976 0.065990 0.082910 
0 0.529611 0.598985 0.053017 0.069938 
0 0.373942 0.666949 0.066554 0.078398 
0 0.356740 0.553582 0.075014 0.059222 
0 0.316131 0.601523 0.067118 0.042301 
0 0.941906 0.382685 0.031585 0.027637 
