0 0.661873 0.014100 0.044557 0.024817
0 0.732939 0.012972 0.027637 0.024817
0 0.681049 0.081782 0.031021 0.038353
0 0.665821 0.117879 0.038917 0.031585
0 0.739425 0.077552 0.031585 0.028765
0 0.848562 0.088268 0.028765 0.023125
0 0.840102 0.133390 0.033277 0.035533
0 0.755499 0.175127 0.033277 0.033277
0 0.913424 0.141568 0.025381 0.021433
0 0.898195 0.100395 0.035533 0.032713
0 0.265369 0.300902 0.097575 0.082910
0 0.449803 0.411732 0.070502 0.086858
0 0.536097 0.386633 0.077270 0.084038
0 0.661027 0.421884 0.066554 0.080090
0 0.729836 0.451777 0.071066 0.081218
0 0.713198 0.526227 0.053582 0.046249
0 0.280316 0.560350 0.078962 0.072758
0 0.324591 0.658206 0.065990 0.075578
0 0.514100 0.600959 0.079526 0.089679
0 0.626340 0.671179 0.056966 0.065426
0 0.578398 0.640158 0.060350 0.051889
0 0.015228 0.478285 0.025945 0.059786
0 0.079808 0.150310 0.029893 0.029893
0 0.667231 0.035815 0.028201 0.017484
