0 0.207558 0.016356 0.045121 0.025945
0 0.134518 0.021715 0.031021 0.028765
0 0.850254 0.140722 0.019741 0.024253
0 0.871122 0.131980 0.014100 0.018049
0 0.847716 0.174281 0.024817 0.020305
0 0.805133 0.138466 0.018613 0.020869
0 0.832487 0.135928 0.014664 0.021433
0 0.817541 0.119007 0.018613 0.014664
0 0.804851 0.181613 0.020305 0.014664
0 0.721940 0.248449 0.031585 0.044557
0 0.514946 0.323181 0.055274 0.060914
0 0.504230 0.273266 0.055274 0.042301
0 0.565144 0.305133 0.045121 0.051889
0 0.594473 0.348844 0.046249 0.049069
0 0.487310 0.372250 0.038353 0.034969
0 0.589114 0.432600 0.061478 0.054146
0 0.665821 0.454879 0.040045 0.029893
0 0.695431 0.508460 0.053017 0.054710
0 0.649746 0.583474 0.050761 0.040045
0 0.490694 0.451213 0.057530 0.058658
0 0.448393 0.418500 0.048505 0.049633
0 0.441342 0.464749 0.047941 0.039481
0 0.391427 0.402143 0.064298 0.050761
0 0.414270 0.298364 0.061478 0.059786
0 0.680203 0.644106 0.049633 0.046249
0 0.633672 0.638748 0.025381 0.035533
0 0.417090 0.371122 0.059222 0.064298
