0 0.264523 0.098985 0.053017 0.060350
0 0.305133 0.176819 0.055274 0.063734
0 0.374788 0.161027 0.045685 0.062606
0 0.420192 0.103497 0.063170 0.051325
0 0.666385 0.181613 0.054710 0.047377
0 0.967287 0.369148 0.034969 0.061478
0 0.987310 0.498026 0.025381 0.069938
0 0.772984 0.534687 0.058094 0.069938
0 0.697124 0.493232 0.055274 0.047941
0 0.646362 0.530457 0.056402 0.040045
0 0.482798 0.368584 0.058658 0.079526
0 0.430908 0.406655 0.060914 0.057530
0 0.384659 0.380147 0.051889 0.047377
0 0.319233 0.468979 0.042865 0.049069
0 0.363508 0.467851 0.044557 0.034405
0 0.331923 0.409757 0.041173 0.044557
0 0.304569 0.388043 0.056402 0.032713
0 0.243655 0.390863 0.050761 0.038353
0 0.153130 0.543711 0.056966 0.046249
0 0.410321 0.635646 0.065990 0.065426
0 0.587422 0.639876 0.042301 0.040045
0 0.331641 0.828821 0.058658 0.058094
0 0.308235 0.857304 0.051325 0.054146
0 0.468415 0.783982 0.052453 0.056402
0 0.519177 0.751833 0.049069 0.053017
0 0.537507 0.708404 0.051889 0.050761
0 0.539199 0.814439 0.054146 0.048505
0 0.991540 0.669487 0.016920 0.045121
