0 0.543993 0.021433 0.061478 0.041737 
0 0.672307 0.072476 0.116187 0.126904 
0 0.747603 0.076988 0.025381 0.058094 
0 0.764805 0.143260 0.047377 0.062042 
0 0.797518 0.175127 0.046249 0.067118 
0 0.705584 0.286520 0.037225 0.041737 
0 0.659052 0.371686 0.098703 0.092499 
0 0.687535 0.331641 0.046249 0.038353 
0 0.417654 0.051043 0.063734 0.061478 
0 0.393401 0.159616 0.044557 0.056402 
0 0.437394 0.223350 0.086294 0.091371 
0 0.566554 0.217428 0.072758 0.069374 
0 0.505922 0.258601 0.065426 0.064862 
0 0.453469 0.342358 0.090243 0.102651 
0 0.402425 0.388607 0.041173 0.056402 
0 0.375353 0.350818 0.049069 0.025945 
0 0.267061 0.311901 0.090807 0.085730 
0 0.660462 0.233221 0.049633 0.043429 
0 0.676255 0.172307 0.056402 0.047941 
0 0.615905 0.225606 0.039481 0.039481 
0 0.659616 0.268754 0.042301 0.033277 
0 0.642696 0.447265 0.055838 0.048505 
0 0.587140 0.490976 0.082346 0.071630 
0 0.629724 0.546249 0.056966 0.053582 
0 0.620417 0.617033 0.042865 0.039481 
0 0.531303 0.626622 0.042865 0.054146 
0 0.490412 0.552171 0.056966 0.063170 
0 0.426396 0.490412 0.057530 0.046813 
0 0.328821 0.478567 0.069938 0.064862 
0 0.732375 0.750141 0.076142 0.075578 
0 0.699662 0.825437 0.050197 0.045685 
0 0.736887 0.894529 0.058094 0.066554 
0 0.641850 0.875917 0.071066 0.080090 
0 0.904963 0.808799 0.028765 0.047377 
0 0.485900 0.831923 0.060350 0.064298 
0 0.520023 0.893965 0.063170 0.055274 
