0 0.381839 0.046813 0.036097 0.046249 
0 0.620417 0.210942 0.102651 0.126340 
0 0.485900 0.255217 0.091935 0.133672 
0 0.716582 0.248449 0.043429 0.040045 
0 0.715172 0.292724 0.047377 0.038353 
0 0.609137 0.438522 0.091371 0.097575 
0 0.395657 0.499436 0.076142 0.096447 
0 0.679639 0.601241 0.069938 0.063170 
0 0.640158 0.694585 0.031585 0.087422 
0 0.355048 0.879583 0.077270 0.096447 
0 0.434856 0.887479 0.057530 0.079526 
0 0.520305 0.921602 0.043429 0.055274 
0 0.706994 0.369994 0.029893 0.039481 
0 0.816977 0.286802 0.038917 0.049069 
