0 0.349690 0.186407 0.081218 0.079526
0 0.398759 0.268754 0.059786 0.056966
0 0.572194 0.315003 0.085166 0.094191
0 0.708968 0.287930 0.069938 0.072758
0 0.719402 0.433728 0.077270 0.067682
0 0.615623 0.448393 0.094191 0.089114
0 0.271574 0.345460 0.054710 0.046813
0 0.296954 0.394811 0.031021 0.039481
0 0.315567 0.506768 0.063734 0.068246
0 0.247321 0.469261 0.068246 0.068810
0 0.410886 0.626058 0.054710 0.054146
0 0.331923 0.665821 0.050197 0.047941
0 0.652284 0.637902 0.067118 0.067682
0 0.689509 0.664975 0.050197 0.056402
0 0.724196 0.675409 0.045121 0.038917
0 0.694867 0.731246 0.055274 0.056966
0 0.625212 0.753807 0.052453 0.058094
0 0.538353 0.652284 0.085166 0.078398
0 0.101241 0.977439 0.025381 0.032713
