0 0.504230 0.040891 0.042865 0.047941
0 0.552735 0.049351 0.034969 0.047941
0 0.618161 0.042865 0.021433 0.021433
0 0.668923 0.056966 0.051889 0.053017
0 0.747603 0.017766 0.043429 0.029893
0 0.809363 0.039481 0.045121 0.051889
0 0.788212 0.107727 0.038917 0.053017
0 0.893401 0.030739 0.042865 0.049069
0 0.958263 0.040891 0.037225 0.036661
0 0.923294 0.146080 0.038353 0.056402
0 0.958263 0.265933 0.053017 0.055838
0 0.872532 0.302030 0.057530 0.060350
0 0.819515 0.310773 0.045121 0.056402
0 0.873378 0.361534 0.055838 0.051889
0 0.832205 0.401015 0.040045 0.047377
0 0.721940 0.366610 0.051889 0.055274
0 0.771574 0.439932 0.045121 0.047377
0 0.616187 0.359278 0.056966 0.062042
0 0.662437 0.392555 0.052453 0.062042
0 0.665257 0.484208 0.058094 0.051325
0 0.581218 0.494924 0.055838 0.054710
0 0.534123 0.391709 0.057530 0.063734
0 0.399605 0.468979 0.077270 0.062606
0 0.478567 0.490412 0.046813 0.038917
0 0.231810 0.578680 0.098139 0.095883
0 0.029893 0.616469 0.051889 0.080090
0 0.038635 0.450367 0.059222 0.065990
0 0.208404 0.436830 0.055838 0.058094
0 0.078116 0.720248 0.071630 0.090243
0 0.237169 0.745065 0.060350 0.053017
0 0.269600 0.817541 0.058658 0.071630
0 0.323745 0.741117 0.045121 0.067682
0 0.653130 0.819233 0.055274 0.085166
0 0.636210 0.864354 0.057530 0.053582
0 0.197124 0.898477 0.046813 0.059786
0 0.779188 0.965313 0.064862 0.064862
0 0.863790 0.961647 0.072758 0.075578
0 0.956571 0.961929 0.081218 0.071630
0 0.942470 0.893119 0.067682 0.054710
0 0.584602 0.064862 0.033277 0.048505
