0 0.022561 0.080372 0.041737 0.061478
0 0.064298 0.063734 0.040609 0.053017
0 0.188099 0.022279 0.043429 0.036661
0 0.238015 0.042019 0.025945 0.033277
0 0.265369 0.129442 0.034405 0.036661
0 0.154822 0.111675 0.033277 0.036097
0 0.121263 0.169769 0.057530 0.063170
0 0.071348 0.258037 0.052453 0.053582
0 0.165821 0.378173 0.034969 0.040045
0 0.213198 0.402425 0.033841 0.032149
0 0.307671 0.087704 0.024253 0.026509
0 0.350536 0.098421 0.026509 0.032149
0 0.539763 0.029329 0.033841 0.027073
0 0.637056 0.028483 0.032149 0.020869
0 0.668641 0.152566 0.031021 0.027637
0 0.901015 0.131698 0.019741 0.025381
0 0.919346 0.129724 0.015792 0.020305
0 0.862380 0.155104 0.028201 0.021433
0 0.606599 0.294416 0.088550 0.073322
0 0.567118 0.405809 0.064862 0.071630
0 0.612803 0.449521 0.043429 0.050761
0 0.322335 0.983926 0.056966 0.029893
