0 0.058940 0.215172 0.017484 0.015228 
0 0.100959 0.299210 0.034969 0.040045 
0 0.152002 0.295544 0.035533 0.029329 
0 0.101805 0.361534 0.026509 0.032713 
0 0.942470 0.146644 0.021433 0.023689 
0 0.972363 0.142978 0.029329 0.028765 
0 0.940496 0.121827 0.027637 0.021433 
0 0.836153 0.207558 0.021997 0.022561 
0 0.836999 0.228426 0.030457 0.021433 
0 0.833051 0.249859 0.028201 0.022561 
0 0.793288 0.247603 0.019741 0.019177 
0 0.811337 0.245911 0.012972 0.016920 
0 0.782572 0.266779 0.017484 0.022561 
0 0.805979 0.284546 0.021433 0.020869 
0 0.945008 0.278342 0.047941 0.027637 
0 0.954315 0.324309 0.049633 0.041737 
0 0.983362 0.385505 0.021997 0.056966 
0 0.919628 0.417654 0.043429 0.052453 
0 0.966723 0.448111 0.046249 0.046813 
0 0.745347 0.397631 0.069374 0.068810 
0 0.841512 0.559222 0.080090 0.086294 
0 0.683023 0.558376 0.097011 0.103779 
0 0.607445 0.611111 0.064298 0.072758 
0 0.630288 0.665821 0.076142 0.080654 
0 0.463339 0.327975 0.064862 0.071630 
0 0.529611 0.361252 0.040609 0.046813 
0 0.491258 0.393401 0.029329 0.042301 
0 0.456289 0.411450 0.041737 0.055838 
0 0.417936 0.349690 0.031585 0.045121 
0 0.369148 0.315567 0.049069 0.060350 
0 0.798928 0.686689 0.088550 0.096447 
0 0.957981 0.754371 0.072758 0.076142 
0 0.760857 0.783136 0.074450 0.086294 
0 0.457981 0.717992 0.021433 0.029329 
0 0.486746 0.708968 0.020305 0.028201 
0 0.425832 0.677947 0.032713 0.041737 
0 0.381275 0.683305 0.028201 0.032149 
0 0.382685 0.595319 0.023125 0.029893 
0 0.333333 0.562606 0.025945 0.028765 
0 0.325155 0.589114 0.021997 0.017484 
0 0.286802 0.589679 0.028765 0.037789 
0 0.270164 0.506204 0.033841 0.036661 
0 0.233503 0.537225 0.038353 0.034405 
0 0.216300 0.507332 0.040045 0.034405 
0 0.196842 0.485618 0.028201 0.029329 
0 0.223350 0.677947 0.051889 0.057530 
0 0.160180 0.641004 0.042865 0.044557 
0 0.153130 0.701354 0.042301 0.055838 
