0 0.240835 0.178229 0.040609 0.039481 
0 0.171743 0.217146 0.056966 0.055274 
0 0.298364 0.289058 0.047377 0.050197 
0 0.155668 0.365200 0.063170 0.067118 
0 0.176255 0.428934 0.035533 0.038917 
0 0.459955 0.398195 0.072758 0.073322 
0 0.388607 0.472081 0.097011 0.102651 
0 0.460519 0.552735 0.103215 0.102651 
0 0.741681 0.191201 0.054146 0.049633 
0 0.812465 0.250705 0.063734 0.067118 
0 0.726452 0.245347 0.063170 0.071066 
0 0.784828 0.290750 0.044557 0.049069 
0 0.745065 0.344050 0.054146 0.054146 
0 0.648336 0.313029 0.054710 0.051889 
0 0.612521 0.422448 0.065426 0.067682 
0 0.789904 0.472363 0.041173 0.035533 
0 0.758883 0.406655 0.053582 0.019177 
0 0.404117 0.612239 0.093063 0.095319 
0 0.601523 0.523971 0.045685 0.039481 
0 0.613649 0.619007 0.091371 0.086294 
0 0.690073 0.648618 0.050197 0.043993 
0 0.536661 0.607445 0.059222 0.056402 
0 0.790750 0.598703 0.065426 0.062606 
0 0.749295 0.675127 0.056966 0.062042 
0 0.978003 0.517202 0.039481 0.055274 
0 0.883531 0.551607 0.052453 0.050761 
0 0.976593 0.687535 0.044557 0.064298 
0 0.960237 0.769318 0.041173 0.050761 
0 0.831359 0.817259 0.059786 0.033841 
0 0.880711 0.917372 0.042301 0.040045 
0 0.827693 0.886069 0.049069 0.046249 
0 0.532995 0.812465 0.049633 0.094191 
0 0.710378 0.550197 0.061478 0.035533 
0 0.709250 0.596447 0.062606 0.038917 
0 0.318387 0.668077 0.052453 0.037789 
0 0.234067 0.542019 0.046249 0.048505 
0 0.148618 0.524817 0.037789 0.035533 
0 0.040609 0.761985 0.063170 0.049633 
