0 0.802030 0.042583 0.032713 0.031021 
0 0.831923 0.140440 0.042865 0.043993 
0 0.764805 0.068246 0.027073 0.033841 
0 0.733221 0.044275 0.058658 0.063734 
0 0.873096 0.364072 0.053017 0.041173 
0 0.818387 0.351946 0.045121 0.037225 
0 0.781726 0.393683 0.046249 0.033841 
0 0.770728 0.315567 0.052453 0.036661 
0 0.739143 0.260011 0.049069 0.049633 
0 0.698816 0.149182 0.042865 0.052453 
0 0.670051 0.168077 0.029329 0.033841 
0 0.670897 0.138184 0.029893 0.019177 
0 0.640722 0.214890 0.028201 0.032713 
0 0.613931 0.182459 0.035533 0.018613 
0 0.584320 0.169769 0.028201 0.024817 
0 0.549633 0.186125 0.053582 0.055274 
0 0.491258 0.195995 0.076706 0.070502 
0 0.491258 0.256627 0.038353 0.047377 
0 0.534123 0.286802 0.034969 0.041173 
0 0.560068 0.273830 0.036097 0.023125 
0 0.578962 0.232939 0.068246 0.063170 
0 0.641004 0.341230 0.055838 0.050761 
0 0.627750 0.441060 0.042865 0.054146 
0 0.549915 0.349126 0.040609 0.042865 
0 0.480823 0.418218 0.041173 0.046813 
0 0.441624 0.304851 0.028201 0.033277 
0 0.395657 0.300902 0.050197 0.045685 
0 0.431754 0.374788 0.042301 0.043429 
0 0.429498 0.413142 0.028765 0.029893 
0 0.439932 0.438522 0.034969 0.021997 
0 0.439368 0.478285 0.034969 0.039481 
0 0.670615 0.556684 0.048505 0.050761 
0 0.450367 0.622391 0.063734 0.073886 
0 0.318387 0.580090 0.094191 0.094191 
0 0.308235 0.646080 0.071630 0.033277 
0 0.383249 0.708686 0.078398 0.087422 
0 0.285674 0.527637 0.040045 0.034405 
0 0.248731 0.428652 0.034969 0.034969 
0 0.258037 0.452905 0.033277 0.030457 
0 0.303723 0.467287 0.021997 0.040045 
0 0.332487 0.465313 0.028765 0.037225 
0 0.248167 0.480259 0.039481 0.037789 
0 0.381839 0.811337 0.062042 0.067118 
0 0.492386 0.883813 0.053017 0.058658 
0 0.434292 0.922166 0.038353 0.040609 
0 0.413988 0.880429 0.049633 0.030457 
0 0.031021 0.961929 0.060914 0.068246 
0 0.021997 0.842640 0.042865 0.054146 
0 0.948111 0.765933 0.064298 0.062042 
0 0.988156 0.831923 0.023689 0.039481 
0 0.955443 0.833615 0.038353 0.048505 
0 0.892837 0.838973 0.055274 0.052453 
0 0.904117 0.795262 0.040609 0.039481 
0 0.901015 0.752115 0.032149 0.029893 
