0 0.589961 0.227298 0.055274 0.053017
0 0.458827 0.198816 0.053582 0.054710
0 0.435420 0.260011 0.065426 0.064298
0 0.280034 0.291596 0.061478 0.065426
0 0.365764 0.444162 0.026509 0.027637
0 0.391709 0.390017 0.041173 0.042301
0 0.339255 0.385223 0.027637 0.020305
0 0.296954 0.394811 0.024253 0.027073
0 0.223068 0.476311 0.026509 0.028765
0 0.479413 0.500000 0.020305 0.026509
0 0.686407 0.432882 0.051889 0.046813
0 0.853074 0.253807 0.024253 0.029329
0 0.847434 0.332769 0.025381 0.029329
0 0.830795 0.359842 0.025945 0.024817
0 0.830231 0.427806 0.029329 0.033277
0 0.788494 0.441342 0.025945 0.018613
0 0.753243 0.417936 0.029893 0.032713
0 0.732375 0.467005 0.021997 0.027073
0 0.890863 0.474055 0.034405 0.031021
0 0.982516 0.460519 0.027073 0.027637
0 0.843204 0.507050 0.030457 0.022561
0 0.820079 0.560068 0.023689 0.029329
0 0.933446 0.609419 0.024817 0.026509
0 0.695713 0.569374 0.052453 0.049069
0 0.195713 0.681895 0.069938 0.069938
0 0.610265 0.682741 0.049633 0.040045
0 0.573886 0.722222 0.043429 0.040045
0 0.690355 0.840948 0.056402 0.053017
0 0.618725 0.965313 0.041737 0.052453
0 0.519177 0.915398 0.031021 0.028201
0 0.496334 0.884941 0.027073 0.028201
0 0.525099 0.817541 0.046249 0.049069
0 0.899041 0.631698 0.030457 0.024817
