0 0.746757 0.060914 0.037225 0.042865
0 0.792724 0.111957 0.042301 0.037789
0 0.811619 0.060068 0.038353 0.045685
0 0.036097 0.614777 0.048505 0.043993
0 0.460237 0.418218 0.054146 0.055838
0 0.627750 0.421320 0.092499 0.089114
0 0.619853 0.360406 0.089114 0.047377
0 0.527637 0.473209 0.096447 0.099267
0 0.679921 0.507896 0.109983 0.102087
0 0.740835 0.483644 0.065990 0.088550
0 0.694585 0.611393 0.086294 0.087986
0 0.585448 0.600113 0.080090 0.091371
0 0.641568 0.589679 0.058094 0.065990
0 0.724196 0.766779 0.053017 0.056966
0 0.758319 0.849690 0.053582 0.052453
0 0.655104 0.778624 0.061478 0.059222
0 0.629160 0.827129 0.045685 0.043429
0 0.641850 0.875071 0.058658 0.052453
0 0.695149 0.918218 0.052453 0.051889
