0 0.378455 0.028765 0.037225 0.040609
0 0.444162 0.100959 0.031021 0.037225
0 0.706712 0.087704 0.058658 0.056966
0 0.778342 0.109137 0.039481 0.047941
0 0.735195 0.035251 0.038917 0.036661
0 0.881557 0.154258 0.047377 0.037789
0 0.928370 0.140158 0.034969 0.037789
0 0.898195 0.402707 0.045685 0.045121
0 0.415398 0.362380 0.158488 0.148336
0 0.532431 0.373942 0.072194 0.093627
0 0.482516 0.465313 0.093063 0.095883
0 0.575860 0.525099 0.098139 0.103779
0 0.325719 0.381557 0.046813 0.100959
0 0.386915 0.512126 0.125212 0.122955
0 0.375071 0.582628 0.077834 0.060914
0 0.311901 0.540045 0.043993 0.054710
0 0.517484 0.694021 0.049069 0.058094
0 0.064298 0.652284 0.033841 0.042301
0 0.027355 0.658770 0.036661 0.036097
0 0.019459 0.815003 0.033277 0.063170
0 0.827129 0.956289 0.069374 0.069374
0 0.412578 0.985336 0.054710 0.029329
0 0.358432 0.925832 0.024253 0.050197
0 0.850818 0.454033 0.032149 0.031585
