0 0.199098 0.051607 0.022561 0.019741
0 0.171461 0.060632 0.022561 0.021997
0 0.163847 0.035533 0.027637 0.019177
0 0.162719 0.014946 0.021997 0.016356
0 0.309081 0.140158 0.023689 0.023125
0 0.389171 0.145234 0.021433 0.019741
0 0.397349 0.032713 0.042301 0.045121
0 0.444726 0.017766 0.043429 0.028765
0 0.480259 0.029611 0.037789 0.037789
0 0.457417 0.086858 0.031585 0.023689
0 0.569938 0.074732 0.055838 0.059222
0 0.524535 0.071630 0.038353 0.029329
0 0.560632 0.146080 0.068810 0.067682
0 0.506486 0.171743 0.053017 0.059222
0 0.550479 0.228144 0.041737 0.047941
0 0.952059 0.139312 0.068810 0.060914
0 0.968697 0.348562 0.036661 0.039481
0 0.917090 0.326283 0.034969 0.036661
0 0.872250 0.280598 0.036661 0.038917
0 0.913988 0.285110 0.037789 0.044557
0 0.840948 0.369430 0.058658 0.048505
0 0.027073 0.448675 0.023689 0.023125
0 0.073040 0.426396 0.027637 0.020305
0 0.483926 0.411168 0.045121 0.045121
0 0.499154 0.462493 0.048505 0.041737
0 0.570502 0.455161 0.055838 0.049633
0 0.641850 0.476875 0.065426 0.059222
0 0.727016 0.495488 0.043993 0.055838
0 0.695431 0.512690 0.046249 0.059786
0 0.624929 0.536379 0.047377 0.047377
0 0.416244 0.424986 0.058658 0.050197
0 0.414552 0.466723 0.040609 0.032149
0 0.412578 0.499154 0.045685 0.034969
0 0.451777 0.514382 0.039481 0.040609
0 0.946701 0.732375 0.041173 0.027637
0 0.677383 0.829103 0.042865 0.041737
0 0.633390 0.739425 0.049633 0.046249
0 0.469825 0.734067 0.053017 0.054710
0 0.520023 0.758883 0.049633 0.064862
0 0.423012 0.730118 0.045121 0.056966
0 0.280316 0.700226 0.047377 0.052453
0 0.234349 0.727862 0.045685 0.043429
0 0.199098 0.716582 0.036097 0.045685
0 0.180485 0.672025 0.046249 0.043429
