0 0.769600 0.063734 0.033277 0.041737 
0 0.820643 0.030457 0.031585 0.034969 
0 0.846306 0.062324 0.028765 0.034405 
0 0.836435 0.082910 0.022561 0.028201 
0 0.879301 0.097575 0.024817 0.031585 
0 0.906091 0.045967 0.031021 0.041173 
0 0.988720 0.144952 0.016920 0.028201 
0 0.966441 0.130570 0.027637 0.034405 
0 0.930344 0.174845 0.038917 0.038353 
0 0.945854 0.270164 0.059786 0.057530 
0 0.698252 0.341794 0.032713 0.045121 
0 0.577270 0.377327 0.068246 0.065426 
0 0.494642 0.444162 0.057530 0.058094 
0 0.414270 0.471235 0.041173 0.045685 
0 0.333333 0.466441 0.031585 0.037225 
0 0.367738 0.522561 0.028201 0.044557 
0 0.333051 0.601523 0.041173 0.028765 
0 0.687253 0.483362 0.068246 0.059786 
0 0.589679 0.553864 0.063734 0.066554 
0 0.547659 0.615341 0.062042 0.069938 
0 0.709250 0.549351 0.049069 0.036097 
0 0.105189 0.926396 0.067118 0.062606 
0 0.034123 0.944726 0.060350 0.053017 
0 0.028201 0.983644 0.046249 0.032713 
0 0.171743 0.880147 0.042301 0.042301 
0 0.392555 0.394529 0.036097 0.031021 
0 0.335589 0.408347 0.055274 0.027073 
