0 0.209250 0.025663 0.011280 0.014100
0 0.427524 0.031303 0.027073 0.020869
0 0.475747 0.034123 0.027637 0.032149
0 0.456007 0.051889 0.017484 0.019177
0 0.469261 0.073040 0.018049 0.018613
0 0.494360 0.121827 0.037789 0.029329
0 0.472081 0.145798 0.027073 0.029893
0 0.550197 0.146080 0.019741 0.023689
0 0.567400 0.165539 0.019177 0.020869
0 0.543711 0.199662 0.024817 0.031585
0 0.501410 0.233221 0.024817 0.035533
0 0.537789 0.087422 0.035533 0.032713
0 0.678511 0.159334 0.033841 0.034405
0 0.859842 0.138184 0.025381 0.019177
0 0.873660 0.178511 0.022561 0.016356
0 0.781162 0.110265 0.020305 0.015228
0 0.637620 0.290750 0.021997 0.024253
0 0.579526 0.271574 0.033277 0.031021
0 0.461929 0.189791 0.032713 0.021997
0 0.773548 0.008742 0.032149 0.014100
0 0.519177 0.280598 0.014100 0.018613
0 0.620981 0.395093 0.027073 0.031021
0 0.045121 0.324873 0.049633 0.032713
0 0.015228 0.374788 0.028201 0.025381
0 0.070784 0.367738 0.040045 0.033841
0 0.065144 0.405809 0.038917 0.029893
0 0.022561 0.408347 0.034969 0.025945
0 0.208122 0.296108 0.039481 0.030457
0 0.219966 0.348844 0.038353 0.036661
0 0.189791 0.353356 0.026509 0.034405
0 0.268754 0.371122 0.034405 0.036097
0 0.326001 0.393683 0.024817 0.028201
0 0.394811 0.310773 0.037225 0.036097
0 0.384941 0.344332 0.031021 0.029893
0 0.417654 0.392273 0.034405 0.029893
0 0.421884 0.433164 0.029329 0.033841
0 0.473491 0.478285 0.028765 0.025945
0 0.358996 0.525099 0.024253 0.029329
0 0.251551 0.465031 0.030457 0.026509
0 0.320079 0.572194 0.016356 0.017484
0 0.282290 0.560914 0.018613 0.017484
0 0.320079 0.525663 0.019741 0.021433
0 0.450931 0.552735 0.018613 0.020305
0 0.478003 0.559222 0.021997 0.021997
0 0.423858 0.565426 0.023125 0.018613
0 0.769036 0.528483 0.027637 0.030457
0 0.765933 0.665821 0.045121 0.042301
0 0.681049 0.630288 0.042301 0.045685
0 0.676537 0.690355 0.045685 0.047377
0 0.746757 0.728708 0.047377 0.028201
0 0.636774 0.750423 0.029329 0.033277
0 0.503384 0.724478 0.021997 0.032149
0 0.478849 0.735759 0.023689 0.037789
0 0.477439 0.706430 0.027637 0.021997
0 0.295544 0.676537 0.031585 0.034405
0 0.276368 0.716864 0.028201 0.034969
0 0.330231 0.716864 0.043429 0.038353
0 0.371404 0.741117 0.038917 0.037225
0 0.397067 0.780316 0.020305 0.040045
0 0.424140 0.794416 0.025945 0.032149
0 0.360688 0.783700 0.023125 0.025381
0 0.449239 0.764805 0.027637 0.029329
0 0.381275 0.669205 0.028201 0.031021
0 0.384941 0.824591 0.019741 0.022561
0 0.628596 0.889171 0.016356 0.020869
0 0.525099 0.899323 0.030457 0.033277
0 0.560632 0.939932 0.036097 0.034405
0 0.651438 0.990976 0.030457 0.018049
0 0.027637 0.969825 0.020305 0.024253
0 0.420474 0.740271 0.027637 0.027637
0 0.317259 0.657078 0.032149 0.031585
0 0.525099 0.690355 0.027073 0.023689
0 0.299210 0.520305 0.018613 0.035533
0 0.174563 0.078398 0.014100 0.018049
0 0.195713 0.008178 0.014664 0.015228
