0 0.922730 0.238579 0.043993 0.045121 
0 0.822899 0.245065 0.048505 0.047941 
0 0.163565 0.020587 0.047377 0.037789 
0 0.171179 0.047377 0.041173 0.024817 
0 0.073886 0.054992 0.056402 0.063734 
0 0.095319 0.095601 0.049633 0.053582 
0 0.534969 0.394247 0.108855 0.117315 
0 0.617597 0.492668 0.083474 0.104343 
0 0.553017 0.572476 0.089679 0.102651 
0 0.462775 0.574732 0.084038 0.091371 
0 0.397631 0.481669 0.095883 0.116187 
0 0.335307 0.545403 0.056966 0.081218 
0 0.647772 0.571348 0.089679 0.053017 
0 0.059786 0.670615 0.036097 0.029329 
