0 0.101241 0.117597 0.042301 0.042301 
0 0.219120 0.185561 0.041173 0.033841 
0 0.182459 0.167513 0.031021 0.031585 
0 0.139876 0.158770 0.041737 0.042301 
0 0.066554 0.208404 0.038353 0.035533 
0 0.112521 0.217710 0.052453 0.056402 
0 0.236041 0.298646 0.027637 0.032149 
0 0.015792 0.295544 0.030457 0.038353 
0 0.561196 0.139876 0.054146 0.059786 
0 0.510434 0.175691 0.040609 0.047941 
0 0.964185 0.494642 0.060350 0.060914 
0 0.877045 0.469543 0.037225 0.037789 
0 0.862944 0.525381 0.046249 0.042301 
0 0.896221 0.567964 0.072194 0.067682 
0 0.973773 0.555274 0.045685 0.011844 
0 0.587704 0.198816 0.050761 0.059222 
0 0.560068 0.307107 0.038353 0.034405 
0 0.560914 0.367174 0.062606 0.063170 
0 0.633672 0.392555 0.045685 0.040609 
0 0.597293 0.412860 0.039481 0.037225 
0 0.521433 0.406655 0.050197 0.055274 
0 0.496052 0.350536 0.035533 0.028765 
0 0.296954 0.527919 0.050197 0.034969 
0 0.326847 0.535251 0.043429 0.051889 
0 0.358996 0.539199 0.026509 0.034969 
0 0.232375 0.526791 0.058658 0.056402 
0 0.257755 0.555274 0.037225 0.025381 
0 0.234631 0.606599 0.029329 0.026509 
0 0.193739 0.594755 0.045685 0.050197 
0 0.208968 0.625776 0.036661 0.025381 
0 0.973491 0.572194 0.037225 0.033277 
0 0.964467 0.580090 0.050761 0.042301 
0 0.935984 0.555274 0.023125 0.045685 
0 0.916526 0.498308 0.031585 0.034405 
0 0.683305 0.609983 0.038917 0.053582 
0 0.706148 0.606035 0.038353 0.052453 
0 0.648900 0.634518 0.033277 0.036097 
0 0.597293 0.644670 0.039481 0.030457 
0 0.475465 0.633672 0.040609 0.032149 
0 0.510434 0.679921 0.029329 0.042301 
0 0.498026 0.699098 0.037225 0.044557 
0 0.436830 0.573886 0.038917 0.025381 
0 0.393119 0.644106 0.033841 0.039481 
0 0.424422 0.646080 0.023125 0.033277 
0 0.336435 0.714608 0.025381 0.021433 
0 0.416808 0.679075 0.030457 0.023689 
