0 0.135364 0.066836 0.024817 0.020869
0 0.112803 0.040045 0.020305 0.019177
0 0.100113 0.058094 0.015228 0.018049
0 0.111675 0.069938 0.012408 0.013536
0 0.093627 0.084884 0.021433 0.016356
0 0.086294 0.046531 0.014664 0.016356
0 0.205584 0.073604 0.016356 0.015228
0 0.199944 0.086576 0.012972 0.016356
0 0.185279 0.078398 0.016356 0.018049
0 0.181895 0.100113 0.017484 0.018613
0 0.241963 0.077834 0.021433 0.015792
0 0.282008 0.071066 0.014664 0.018049
0 0.258037 0.060068 0.029893 0.026509
0 0.267061 0.022561 0.032149 0.028201
0 0.223914 0.039199 0.027073 0.029893
0 0.242527 0.009588 0.036097 0.016920
0 0.362380 0.100677 0.017484 0.016356
0 0.387761 0.116469 0.017484 0.019741
0 0.399041 0.150310 0.019741 0.020869
0 0.326847 0.119853 0.012972 0.014100
0 0.425268 0.134800 0.019177 0.019177
0 0.423576 0.099549 0.022561 0.024253
0 0.445572 0.109701 0.015792 0.017484
0 0.451777 0.084038 0.022561 0.019177
0 0.454315 0.038917 0.018613 0.020305
0 0.448675 0.009870 0.023125 0.018613
0 0.663847 0.031303 0.018049 0.014100
0 0.736887 0.109983 0.027637 0.023689
0 0.700790 0.097575 0.031021 0.024817
0 0.698252 0.128314 0.031585 0.029893
0 0.671179 0.113931 0.024817 0.028201
0 0.658488 0.128878 0.034405 0.026509
0 0.884377 0.093627 0.016920 0.020305
0 0.894247 0.133108 0.014100 0.023689
0 0.857022 0.128032 0.019741 0.028201
0 0.787648 0.133672 0.027637 0.028201
0 0.811901 0.118161 0.023125 0.027637
0 0.839255 0.180203 0.024817 0.027637
0 0.831923 0.133672 0.037225 0.033841
0 0.814157 0.180485 0.024253 0.022561
0 0.808517 0.186407 0.021997 0.023125
0 0.818951 0.213480 0.024817 0.024253
0 0.788212 0.221940 0.024253 0.020869
0 0.754653 0.223068 0.025945 0.021997
0 0.748449 0.186971 0.027073 0.027637
0 0.780598 0.184151 0.031585 0.031021
0 0.708404 0.274112 0.021433 0.024817
0 0.838127 0.425268 0.032713 0.025945
0 0.865764 0.383813 0.027073 0.034405
0 0.847434 0.355330 0.024253 0.022561
0 0.814157 0.378737 0.029893 0.026509
0 0.706148 0.381557 0.023689 0.021997
0 0.880993 0.404117 0.023689 0.018613
0 0.589961 0.320643 0.030457 0.032149
0 0.550197 0.311055 0.028765 0.023125
0 0.550479 0.335025 0.027073 0.025945
0 0.557248 0.366892 0.029329 0.028765
0 0.530739 0.379583 0.025945 0.019177
0 0.524253 0.339820 0.024253 0.025381
0 0.551043 0.531303 0.028201 0.033841
0 0.542865 0.494078 0.028765 0.025945
0 0.524817 0.458827 0.038917 0.033277
0 0.532149 0.429780 0.029893 0.016920
0 0.507332 0.421602 0.019741 0.024253
0 0.490976 0.491258 0.031021 0.036097
0 0.507050 0.224478 0.022561 0.028201
0 0.465595 0.208404 0.020869 0.020869
0 0.447547 0.234067 0.025381 0.024817
0 0.271856 0.183305 0.034969 0.023689
0 0.287930 0.206994 0.025381 0.025945
0 0.221658 0.189509 0.028201 0.023689
0 0.238015 0.211788 0.024817 0.020869
0 0.266779 0.241117 0.028201 0.025381
0 0.241117 0.245911 0.026509 0.027073
0 0.258037 0.268190 0.024253 0.024253
0 0.207840 0.252679 0.025381 0.027073
0 0.202200 0.150874 0.017484 0.019741
0 0.166103 0.176819 0.017484 0.016356
0 0.166667 0.202200 0.014100 0.016356
0 0.137902 0.202200 0.017484 0.017484
0 0.138748 0.226452 0.013536 0.016356
0 0.311619 0.300902 0.026509 0.026509
0 0.285956 0.319797 0.022561 0.024817
0 0.209814 0.375353 0.024817 0.021997
0 0.213480 0.399605 0.016356 0.020869
0 0.212070 0.358996 0.022561 0.016356
0 0.185561 0.376199 0.021433 0.018049
0 0.151156 0.351100 0.016920 0.016356
0 0.159052 0.333051 0.016920 0.012972
0 0.131980 0.355048 0.018049 0.015228
0 0.106599 0.375635 0.018049 0.012408
0 0.031303 0.412860 0.019741 0.020305
0 0.077834 0.445854 0.022561 0.018613
0 0.125212 0.456289 0.024817 0.023689
0 0.171179 0.469261 0.024253 0.021433
0 0.206994 0.472645 0.016920 0.022561
0 0.243937 0.476029 0.019741 0.019177
0 0.070220 0.482234 0.017484 0.018049
0 0.007332 0.396503 0.010152 0.023689
0 0.386915 0.321489 0.036097 0.030457
0 0.393119 0.351946 0.039481 0.033841
0 0.400451 0.388889 0.039481 0.037789
0 0.360124 0.408347 0.038917 0.033841
0 0.342358 0.354484 0.030457 0.036661
0 0.367174 0.389171 0.025945 0.020305
0 0.038917 0.518613 0.027073 0.023125
0 0.007332 0.560068 0.013536 0.024817
0 0.066272 0.603215 0.024253 0.020869
0 0.049069 0.650028 0.029329 0.023125
0 0.070220 0.675691 0.019741 0.020305
0 0.055274 0.676537 0.013536 0.017484
0 0.818669 0.594473 0.023125 0.028201
0 0.844050 0.622955 0.023125 0.024253
0 0.426396 0.670333 0.036097 0.032149
0 0.450649 0.652848 0.028201 0.031021
0 0.405527 0.630006 0.040609 0.041737
0 0.431472 0.627750 0.015792 0.022561
0 0.360688 0.613085 0.033277 0.025945
0 0.382967 0.619571 0.015792 0.021997
0 0.358432 0.650310 0.027637 0.025945
0 0.371968 0.678229 0.035533 0.034405
0 0.527919 0.840102 0.036097 0.027637
0 0.522561 0.877327 0.042301 0.038917
0 0.572758 0.896785 0.043429 0.037225
0 0.548505 0.930062 0.052453 0.042865
0 0.488720 0.916244 0.047941 0.045685
0 0.498590 0.975747 0.042865 0.039481
0 0.472081 0.964185 0.018049 0.029893
0 0.562324 0.972081 0.043993 0.033277
0 0.597293 0.955161 0.025945 0.025381
0 0.597011 0.978567 0.016356 0.018049
0 0.627750 0.931754 0.020305 0.020305
0 0.637620 0.957417 0.019741 0.018613
0 0.705584 0.767061 0.021433 0.022561
0 0.718556 0.809645 0.029329 0.026509
0 0.757755 0.782854 0.028765 0.029329
0 0.782290 0.809081 0.029329 0.033277
0 0.820643 0.807389 0.030457 0.034405
0 0.787648 0.856458 0.040045 0.033277
0 0.806825 0.895939 0.034405 0.031021
0 0.757755 0.893683 0.040045 0.033277
0 0.742809 0.849126 0.033841 0.034405
0 0.722504 0.838127 0.022561 0.027073
