0 0.910321 0.163001 0.040609 0.036097 
0 0.910321 0.134518 0.027073 0.021997 
0 0.512126 0.230118 0.034969 0.040609 
0 0.457699 0.240271 0.029893 0.036097 
0 0.480823 0.274676 0.024253 0.032713 
0 0.371968 0.259729 0.046813 0.049069 
0 0.309081 0.267625 0.059786 0.050197 
0 0.396503 0.355894 0.038353 0.045121 
0 0.320361 0.353920 0.045121 0.038917 
0 0.312183 0.402707 0.056966 0.043993 
0 0.578962 0.393119 0.061478 0.055274 
0 0.569938 0.483362 0.049069 0.053017 
0 0.638466 0.517202 0.047377 0.032713 
0 0.428370 0.532149 0.058094 0.062606 
0 0.293852 0.488438 0.067682 0.069938 
0 0.294134 0.543993 0.032149 0.034405 
0 0.344896 0.544839 0.050197 0.050761 
0 0.228426 0.457417 0.029329 0.028201 
0 0.353356 0.612239 0.053582 0.065990 
0 0.488438 0.721940 0.032713 0.042865 
0 0.039763 0.555838 0.041173 0.043429 
0 0.020023 0.807953 0.035533 0.053582 
0 0.179357 0.812747 0.034969 0.033841 
0 0.116751 0.840948 0.030457 0.029329 
0 0.802876 0.980823 0.056966 0.038353 
0 0.786802 0.938240 0.046249 0.033277 
