0 0.022843 0.205584 0.028765 0.025381 
0 0.057530 0.229272 0.034969 0.026509 
0 0.058094 0.176819 0.031585 0.023125 
0 0.156232 0.121545 0.074450 0.085166 
0 0.116751 0.153130 0.036097 0.040045 
0 0.594191 0.163283 0.072758 0.077270 
0 0.732092 0.042583 0.129724 0.084038 
0 0.807953 0.667795 0.086294 0.084602 
0 0.384095 0.758319 0.063170 0.069374 
0 0.207276 0.696277 0.071630 0.077270 
0 0.352510 0.895939 0.083474 0.080654 
0 0.495770 0.889453 0.062042 0.069938 
0 0.501410 0.889453 0.062042 0.069938 
0 0.570784 0.954597 0.050761 0.060350 
0 0.305415 0.887479 0.047941 0.063734 
0 0.240271 0.890863 0.046249 0.068246 
0 0.249013 0.929780 0.063734 0.049069 
0 0.238297 0.972363 0.076142 0.055274 
0 0.730682 0.868866 0.050197 0.045685 
0 0.717992 0.791032 0.051889 0.071630 
