0 0.640440 0.208968 0.108855 0.111111 
0 0.520869 0.323463 0.160745 0.139312 
0 0.554428 0.414270 0.121827 0.093063 
0 0.696277 0.456007 0.077270 0.090807 
0 0.838127 0.504794 0.104907 0.090243 
0 0.804569 0.711224 0.126904 0.101523 
0 0.796954 0.624083 0.059786 0.053582 
0 0.852228 0.637902 0.028201 0.029329 
0 0.756909 0.632826 0.063170 0.060914 
0 0.687817 0.600959 0.087422 0.086294 
0 0.498590 0.665257 0.148900 0.143824 
0 0.539763 0.732939 0.060914 0.051325 
0 0.325719 0.708686 0.150592 0.146080 
0 0.163565 0.692893 0.107163 0.095319 
0 0.154540 0.769600 0.101523 0.045685 
0 0.570784 0.965595 0.082346 0.068810 
0 0.796672 0.987028 0.084038 0.025945 
0 0.806261 0.848844 0.076142 0.084602 
