0 0.849408 0.104625 0.054146 0.063734 
0 0.663001 0.206148 0.082910 0.093063 
0 0.656232 0.270446 0.063734 0.050197 
0 0.738861 0.329103 0.085730 0.090807 
0 0.550761 0.298364 0.095319 0.087986 
0 0.529329 0.244783 0.081782 0.080090 
0 0.350254 0.531303 0.139876 0.146644 
0 0.236323 0.176819 0.025945 0.025381 
0 0.047659 0.144106 0.026509 0.023125 
0 0.708686 0.818669 0.078398 0.075014 
0 0.850818 0.972927 0.075014 0.054146 
0 0.604343 0.913988 0.037789 0.028765 
0 0.490694 0.800620 0.113931 0.097575 
0 0.526509 0.739425 0.122391 0.125212 
0 0.312183 0.683587 0.103215 0.092499 
0 0.281726 0.790750 0.082910 0.072194 
0 0.392273 0.811337 0.076142 0.090807 
0 0.636492 0.793288 0.064862 0.086294 
0 0.637620 0.857868 0.052453 0.068810 
0 0.402989 0.709250 0.067118 0.052453 
