0 0.318387 0.134236 0.041173 0.038353
0 0.307671 0.172025 0.028765 0.031585
0 0.280598 0.173717 0.018613 0.029329
0 0.252679 0.183023 0.027073 0.031021
0 0.263395 0.202764 0.031585 0.031021
0 0.318669 0.248449 0.028201 0.032149
0 0.201072 0.269318 0.046813 0.055838
0 0.232092 0.256063 0.024253 0.030457
0 0.224478 0.292160 0.022561 0.022561
0 0.183587 0.296108 0.019741 0.029329
0 0.161873 0.290750 0.020305 0.026509
0 0.560350 0.236887 0.023125 0.016920
0 0.544557 0.260857 0.019741 0.027637
0 0.513536 0.249013 0.024253 0.029893
0 0.207558 0.342358 0.032713 0.034969
0 0.244783 0.350536 0.030457 0.019741
0 0.327129 0.378737 0.065426 0.088550
0 0.418782 0.369712 0.053582 0.058094
0 0.384659 0.432600 0.047377 0.049633
0 0.431190 0.434574 0.043429 0.064862
0 0.419064 0.485054 0.056402 0.034969
0 0.367174 0.503666 0.045121 0.045121
0 0.881275 0.505358 0.040045 0.041737
0 0.867738 0.582910 0.046813 0.047941
0 0.825155 0.609419 0.046249 0.036661
0 0.767625 0.584602 0.071066 0.070502
0 0.734631 0.521997 0.061478 0.055838
0 0.714326 0.600113 0.032149 0.050761
0 0.900451 0.666385 0.047941 0.042301
0 0.623237 0.842358 0.063170 0.071630
0 0.654540 0.919628 0.040045 0.040045
0 0.490976 0.926960 0.045685 0.036661
0 0.537225 0.941060 0.034405 0.032149
0 0.623237 0.960237 0.090243 0.077270
