0 0.092499 0.055274 0.024817 0.021433
0 0.082346 0.042301 0.015792 0.012408
0 0.081782 0.068246 0.025945 0.019177
0 0.077552 0.092217 0.027637 0.017484
0 0.076706 0.110829 0.022561 0.017484
0 0.059504 0.139594 0.024253 0.020869
0 0.063452 0.176819 0.021997 0.018613
0 0.040045 0.148336 0.021433 0.019177
0 0.059786 0.028483 0.028201 0.014100
0 0.058658 0.047941 0.027073 0.023689
0 0.018613 0.051889 0.025945 0.020305
0 0.033559 0.047377 0.019741 0.018049
0 0.023125 0.076988 0.023689 0.023125
0 0.282008 0.073322 0.015792 0.019177
0 0.255217 0.069938 0.019741 0.013536
0 0.283136 0.054710 0.016920 0.018049
0 0.307389 0.050197 0.014664 0.019177
0 0.249859 0.031867 0.014664 0.015228
0 0.264241 0.020023 0.016356 0.020869
0 0.285392 0.012972 0.020305 0.018049
0 0.293006 0.035533 0.023125 0.015792
0 0.255217 0.007332 0.017484 0.011280
0 0.340384 0.236041 0.023125 0.012972
0 0.303440 0.250423 0.025945 0.024817
0 0.289058 0.261139 0.016356 0.020305
0 0.290750 0.231810 0.027637 0.021433
0 0.292724 0.217992 0.022561 0.012972
0 0.260575 0.236887 0.022561 0.022561
0 0.250705 0.258037 0.020869 0.021997
0 0.218556 0.220248 0.021997 0.024253
0 0.192329 0.239989 0.021433 0.025381
0 0.183023 0.277496 0.025381 0.020305
0 0.148336 0.255781 0.024817 0.020869
0 0.155668 0.223350 0.022561 0.020305
0 0.151438 0.239425 0.024253 0.014100
0 0.200508 0.190919 0.023125 0.023125
0 0.188663 0.207276 0.025381 0.023125
0 0.158488 0.202200 0.024817 0.016356
0 0.576142 0.217710 0.035533 0.034969
0 0.574732 0.240271 0.033841 0.019177
0 0.564580 0.189509 0.030457 0.024817
0 0.531867 0.181895 0.029329 0.016356
0 0.564580 0.189509 0.030457 0.024817
0 0.536661 0.210096 0.036661 0.035533
0 0.527637 0.247321 0.037789 0.035533
0 0.553299 0.265651 0.030457 0.032713
0 0.513536 0.292442 0.034405 0.035533
0 0.506768 0.215172 0.026509 0.024253
0 0.472645 0.216018 0.038353 0.037225
0 0.475183 0.183869 0.043429 0.032713
0 0.522279 0.362098 0.027073 0.028201
0 0.454033 0.359278 0.025945 0.021433
0 0.426960 0.364072 0.029329 0.032149
0 0.440214 0.399323 0.024253 0.022561
0 0.412296 0.411450 0.028201 0.024253
0 0.388043 0.401297 0.023689 0.024253
0 0.342922 0.427806 0.023689 0.020869
0 0.362098 0.459391 0.015792 0.018613
0 0.404117 0.451495 0.021997 0.019741
0 0.875071 0.292442 0.017484 0.015228
0 0.891427 0.296954 0.010716 0.016356
0 0.874506 0.283418 0.015228 0.008460
0 0.904399 0.493232 0.035533 0.033277
0 0.906091 0.524253 0.025381 0.021997
0 0.916808 0.547095 0.020869 0.020305
0 0.903553 0.564016 0.031585 0.034969
0 0.920756 0.574732 0.025381 0.028201
0 0.875917 0.527919 0.028201 0.025945
0 0.850254 0.551607 0.024253 0.034969
0 0.834743 0.524535 0.032713 0.020305
0 0.779752 0.573604 0.059222 0.058658
0 0.833615 0.593345 0.047377 0.056402
0 0.798364 0.628314 0.053582 0.042865
0 0.807107 0.665821 0.042865 0.041173
0 0.786520 0.521997 0.051325 0.047941
0 0.750423 0.523125 0.028765 0.034405
0 0.697124 0.546531 0.051889 0.046249
0 0.712634 0.591935 0.059222 0.046813
0 0.762267 0.659052 0.043429 0.034405
0 0.708968 0.625494 0.049633 0.030457
0 0.698252 0.665539 0.047377 0.038353
0 0.715454 0.690637 0.026509 0.019741
0 0.659052 0.682177 0.036661 0.040045
0 0.651720 0.621545 0.034405 0.033841
0 0.273266 0.653694 0.024253 0.025945
0 0.229272 0.609419 0.026509 0.027637
0 0.220248 0.652848 0.027637 0.025381
0 0.235477 0.682177 0.031021 0.024253
0 0.188381 0.672589 0.028201 0.024253
0 0.193457 0.635364 0.028201 0.026509
0 0.174281 0.639594 0.014664 0.024817
0 0.220530 0.907783 0.028201 0.025381
0 0.212070 0.941342 0.029329 0.025945
0 0.222222 0.984208 0.047377 0.031585
0 0.550761 0.372814 0.024253 0.014664
0 0.662155 0.452623 0.019177 0.014100
0 0.675127 0.437958 0.015792 0.017484
0 0.692893 0.447265 0.012972 0.016920
0 0.629442 0.450649 0.018049 0.014664
0 0.470107 0.371686 0.026509 0.027073
0 0.346870 0.408911 0.028201 0.011280
