0 0.865200 0.136492 0.039481 0.042865 
0 0.922730 0.162437 0.030457 0.033841 
0 0.740271 0.153976 0.036661 0.031585 
0 0.608009 0.176819 0.037225 0.038917 
0 0.623801 0.280880 0.031585 0.031585 
0 0.725324 0.027355 0.031585 0.037789 
0 0.374788 0.047095 0.027637 0.029893 
0 0.420192 0.493796 0.116187 0.140440 
0 0.571630 0.439368 0.106599 0.122955 
0 0.566554 0.582346 0.090807 0.116751 
0 0.409757 0.620699 0.095319 0.084038 
0 0.311901 0.530457 0.098139 0.097575 
0 0.355612 0.598421 0.042301 0.076706 
