0 0.731528 0.098985 0.033841 0.037789 
0 0.860124 0.261703 0.043993 0.048505 
0 0.887197 0.318105 0.033841 0.033841 
0 0.934574 0.282854 0.029329 0.043429 
0 0.969543 0.278624 0.020305 0.033841 
0 0.792724 0.243091 0.034405 0.037225 
0 0.893401 0.531867 0.036097 0.036097 
0 0.826001 0.524535 0.055838 0.055274 
0 0.771574 0.475465 0.045121 0.041737 
0 0.716864 0.516074 0.045121 0.042865 
0 0.654822 0.424140 0.080090 0.068810 
0 0.494360 0.390017 0.097575 0.099831 
0 0.326565 0.325437 0.086858 0.075578 
0 0.193457 0.460801 0.086858 0.084602 
0 0.333615 0.565144 0.067118 0.087986 
0 0.427524 0.580372 0.084602 0.104907 
0 0.482234 0.525945 0.060914 0.075014 
0 0.043429 0.842076 0.062042 0.068810 
0 0.118443 0.276650 0.059786 0.058094 
0 0.791596 0.279470 0.025381 0.026509 
