0 0.862098 0.033559 0.035533 0.043429
0 0.971799 0.012690 0.041737 0.024253
0 0.945290 0.120135 0.030457 0.041737
0 0.876763 0.137056 0.032149 0.031585
0 0.846024 0.342922 0.054146 0.054146
0 0.917372 0.301466 0.024253 0.034405
0 0.959391 0.329949 0.022561 0.042865
0 0.884377 0.347716 0.019177 0.041173
0 0.765087 0.372250 0.043429 0.049633
0 0.687253 0.385505 0.049069 0.054710
0 0.747603 0.493796 0.061478 0.071630
0 0.754653 0.582910 0.065426 0.060350
0 0.402425 0.354484 0.023125 0.035533
0 0.316413 0.449803 0.073322 0.063734
0 0.237451 0.396221 0.047377 0.054710
0 0.120417 0.412578 0.054710 0.054710
0 0.147208 0.447829 0.047377 0.042865
0 0.259165 0.558658 0.049069 0.076142
0 0.434856 0.355612 0.024817 0.028765
0 0.377327 0.306543 0.033841 0.028765
0 0.136492 0.366610 0.034969 0.036097
0 0.150874 0.202200 0.025381 0.025381
0 0.253243 0.213480 0.027073 0.025381
0 0.466441 0.216864 0.025945 0.029893
0 0.401861 0.462493 0.037789 0.030457
