0 0.183305 0.006768 0.014664 0.010152
0 0.287366 0.063170 0.016356 0.013536
0 0.283136 0.050761 0.012408 0.005640
0 0.283418 0.036661 0.017484 0.012408
0 0.353920 0.060914 0.010716 0.010152
0 0.345178 0.049351 0.013536 0.010716
0 0.289058 0.017202 0.016356 0.015228
0 0.307107 0.020023 0.015228 0.011844
0 0.410886 0.059786 0.014100 0.013536
0 0.396503 0.053582 0.015792 0.012408
0 0.413424 0.042865 0.014664 0.013536
0 0.396503 0.022279 0.013536 0.009588
0 0.428370 0.054992 0.011844 0.010716
0 0.425268 0.090525 0.011280 0.010716
0 0.386915 0.016638 0.014664 0.014100
0 0.402425 0.013254 0.014100 0.010716
0 0.478285 0.015792 0.012408 0.011280
0 0.467569 0.015510 0.011280 0.010716
0 0.686689 0.055838 0.009588 0.009024
0 0.705584 0.048223 0.013536 0.014100
0 0.711506 0.027355 0.010716 0.012972
0 0.715454 0.016074 0.014100 0.010716
0 0.738579 0.023689 0.008460 0.009024
0 0.751833 0.020869 0.010152 0.013536
0 0.779752 0.018895 0.012972 0.012972
0 0.878737 0.013254 0.010152 0.011844
0 0.901015 0.018613 0.014100 0.011280
0 0.987874 0.169205 0.011844 0.012408
0 0.991822 0.143542 0.010716 0.014100
0 0.945008 0.142696 0.010716 0.012408
0 0.958263 0.144388 0.009024 0.014664
0 0.933446 0.120417 0.012408 0.011844
0 0.925832 0.111111 0.007332 0.012408
0 0.934856 0.091371 0.012972 0.012408
0 0.981105 0.105471 0.008460 0.012408
0 0.966159 0.241399 0.015792 0.014664
0 0.987592 0.211506 0.016920 0.013536
0 0.967287 0.213480 0.016920 0.017484
0 0.958545 0.194303 0.019741 0.015228
0 0.941906 0.216582 0.015792 0.019177
0 0.935702 0.195713 0.015792 0.012408
0 0.921884 0.208404 0.019741 0.021997
0 0.908629 0.185279 0.027073 0.025381
0 0.886633 0.199098 0.027073 0.029329
0 0.866892 0.202482 0.022561 0.025945
0 0.873378 0.270446 0.010716 0.009588
0 0.856176 0.268472 0.020305 0.012408
0 0.832769 0.216864 0.016356 0.014100
0 0.814721 0.208686 0.017484 0.014664
0 0.823181 0.230682 0.012972 0.011280
0 0.801466 0.227298 0.021433 0.019177
0 0.796954 0.278342 0.013536 0.012972
0 0.782854 0.289622 0.011280 0.009588
0 0.780034 0.243373 0.018049 0.018613
0 0.747603 0.283418 0.017484 0.016356
0 0.734631 0.269318 0.015228 0.016356
0 0.755217 0.234349 0.012408 0.010716
0 0.735195 0.270446 0.015228 0.016356
0 0.723068 0.242245 0.018049 0.014100
0 0.710942 0.220530 0.019741 0.022561
0 0.712070 0.203892 0.015228 0.015228
0 0.695713 0.201354 0.018613 0.016920
0 0.753243 0.194021 0.010716 0.013536
0 0.744783 0.213480 0.018613 0.019741
0 0.711224 0.168641 0.025945 0.025945
0 0.707840 0.129442 0.012408 0.011844
0 0.719402 0.147208 0.017484 0.018049
0 0.679639 0.175973 0.025945 0.024817
0 0.655668 0.173717 0.023125 0.027073
0 0.688381 0.140440 0.031021 0.028201
0 0.649464 0.143542 0.033277 0.026509
0 0.636210 0.167795 0.018049 0.016356
0 0.628032 0.190355 0.020869 0.016356
0 0.626904 0.190637 0.021997 0.013536
0 0.603779 0.202482 0.014100 0.013536
0 0.583192 0.232375 0.012408 0.012408
0 0.566272 0.240553 0.014664 0.015228
0 0.531585 0.278906 0.011844 0.012972
0 0.530457 0.243373 0.017484 0.016356
0 0.506204 0.254653 0.018613 0.016356
0 0.496898 0.264805 0.020305 0.017484
0 0.490130 0.244783 0.012408 0.015792
0 0.511280 0.232375 0.015228 0.014664
0 0.523125 0.213480 0.012972 0.012972
0 0.490130 0.243937 0.010152 0.012972
0 0.560068 0.155104 0.013536 0.013536
0 0.556966 0.136774 0.014100 0.011844
0 0.543993 0.140440 0.009588 0.011280
0 0.526227 0.140722 0.019177 0.019741
0 0.534123 0.126340 0.021433 0.013536
0 0.504512 0.145234 0.015228 0.017484
0 0.489848 0.163001 0.015228 0.012408
0 0.481669 0.171179 0.013536 0.015228
0 0.483926 0.151438 0.010152 0.010716
0 0.401861 0.203328 0.017484 0.012972
0 0.390863 0.177947 0.018049 0.016356
0 0.393683 0.155668 0.015792 0.018049
0 0.405527 0.162155 0.011280 0.012972
0 0.364918 0.192893 0.018049 0.018049
0 0.362098 0.172871 0.020305 0.017484
0 0.373660 0.153412 0.018613 0.019177
0 0.372814 0.230682 0.009024 0.011280
0 0.355612 0.235195 0.012972 0.012408
0 0.342358 0.239989 0.015792 0.014100
0 0.334461 0.224760 0.014664 0.012972
0 0.313593 0.237169 0.014664 0.015228
0 0.309645 0.197406 0.020305 0.014664
0 0.287930 0.220248 0.018613 0.012972
0 0.270164 0.222504 0.016920 0.014100
0 0.255499 0.233503 0.024817 0.018049
0 0.298646 0.271856 0.014100 0.016920
0 0.280034 0.269600 0.023125 0.021433
0 0.284546 0.246757 0.019741 0.018613
0 0.268472 0.247885 0.013536 0.011844
0 0.256909 0.271292 0.023125 0.020305
0 0.242809 0.249295 0.019741 0.019177
0 0.220248 0.282572 0.018613 0.018049
0 0.223914 0.250987 0.016920 0.019177
0 0.437676 0.381839 0.016920 0.018049
0 0.391709 0.303723 0.016356 0.019741
0 0.326001 0.385223 0.028201 0.019177
0 0.296108 0.378173 0.025945 0.020869
0 0.347152 0.371968 0.020869 0.021997
0 0.329103 0.350818 0.021997 0.024817
0 0.349408 0.346870 0.012972 0.015792
0 0.336153 0.327975 0.023689 0.017484
0 0.308517 0.323463 0.028201 0.026509
0 0.306261 0.296954 0.028201 0.023125
0 0.274112 0.346306 0.027073 0.028201
0 0.254935 0.338973 0.014664 0.023689
0 0.268472 0.317541 0.030457 0.019177
0 0.709532 0.370840 0.024817 0.025381
0 0.696842 0.364918 0.020869 0.022561
0 0.728426 0.350536 0.027637 0.029893
0 0.750705 0.361252 0.021433 0.024253
0 0.765933 0.365200 0.011280 0.016356
0 0.752397 0.384659 0.025945 0.021433
0 0.891991 0.441906 0.023125 0.020869
0 0.914270 0.312465 0.020305 0.021433
0 0.985336 0.342640 0.019177 0.019741
0 0.992950 0.388607 0.011844 0.021433
0 0.968697 0.692329 0.017484 0.015228
0 0.955443 0.671743 0.013536 0.014664
0 0.982234 0.659616 0.019741 0.020869
0 0.887761 0.716864 0.020305 0.019177
0 0.880993 0.696842 0.018049 0.017484
0 0.856458 0.712634 0.020869 0.020869
0 0.866328 0.737169 0.020305 0.016920
0 0.840384 0.732092 0.018049 0.016920
0 0.826565 0.762549 0.017484 0.014664
0 0.849972 0.758601 0.018049 0.011280
0 0.822335 0.734631 0.016920 0.020869
0 0.798646 0.780034 0.021433 0.019177
0 0.793006 0.747885 0.021433 0.021433
0 0.787084 0.727580 0.019741 0.016920
0 0.776086 0.760011 0.016920 0.017484
0 0.725042 0.724760 0.011844 0.016920
0 0.724760 0.604625 0.025945 0.024817
0 0.704738 0.626058 0.032149 0.033841
0 0.845742 0.624365 0.019741 0.019177
0 0.840102 0.644106 0.019741 0.018049
0 0.623519 0.649182 0.018613 0.013536
0 0.566272 0.697688 0.011280 0.009024
0 0.548505 0.678511 0.025381 0.022561
0 0.562606 0.655104 0.031021 0.026509
0 0.560068 0.629724 0.029329 0.021997
0 0.558658 0.607163 0.024253 0.024253
0 0.527355 0.624083 0.032713 0.025381
0 0.520869 0.653976 0.034405 0.034405
0 0.520305 0.689227 0.036661 0.031585
0 0.481387 0.642978 0.031021 0.025945
0 0.360406 0.782008 0.024817 0.028765
0 0.253243 0.831923 0.021433 0.028201
0 0.290186 0.716300 0.029893 0.027073
0 0.261421 0.740835 0.024253 0.026509
0 0.223068 0.769036 0.036661 0.036661
0 0.236605 0.719966 0.040045 0.036661
0 0.199098 0.708968 0.025945 0.028201
0 0.199944 0.737733 0.025381 0.028201
0 0.195431 0.773830 0.016356 0.037225
0 0.269318 0.621545 0.010716 0.012408
0 0.259447 0.607727 0.011280 0.011844
0 0.228426 0.639312 0.013536 0.014100
0 0.225324 0.624929 0.015228 0.010152
0 0.336717 0.513818 0.009024 0.010152
0 0.341230 0.534123 0.011280 0.010152
0 0.333051 0.532713 0.011844 0.006204
0 0.586858 0.538917 0.009588 0.009588
0 0.578398 0.547377 0.010716 0.007332
0 0.551325 0.551043 0.009588 0.007896
0 0.567682 0.543429 0.007332 0.008460
0 0.535815 0.557248 0.009024 0.006768
0 0.987874 0.958827 0.019741 0.018049
0 0.988720 0.983926 0.020305 0.018613
0 0.928652 0.804005 0.023125 0.018613
0 0.833333 0.784828 0.018613 0.014100
0 0.752397 0.893119 0.021433 0.019741
0 0.765087 0.867456 0.018613 0.019177
0 0.728426 0.868302 0.019741 0.016356
0 0.718838 0.893965 0.019741 0.015792
0 0.738861 0.919346 0.018049 0.016920
0 0.721658 0.917090 0.015228 0.014664
0 0.678793 0.923576 0.015228 0.012972
0 0.661027 0.930062 0.015792 0.012408
0 0.471235 0.915398 0.038917 0.036097
0 0.472081 0.891427 0.033841 0.021997
0 0.487874 0.956007 0.033841 0.033841
0 0.432600 0.933446 0.033841 0.036097
0 0.420474 0.972363 0.035533 0.038353
0 0.452341 0.988720 0.040609 0.019177
0 0.489848 0.993514 0.025381 0.012972
0 0.173999 0.760857 0.019741 0.025945
0 0.150310 0.280034 0.014100 0.012972
0 0.130852 0.249577 0.014664 0.011844
0 0.117315 0.249859 0.011280 0.009024
0 0.117879 0.260857 0.014664 0.011844
0 0.097857 0.247039 0.017484 0.013536
0 0.094191 0.269600 0.015792 0.016920
0 0.114777 0.293570 0.017484 0.018613
0 0.094755 0.308517 0.024817 0.020305
0 0.088832 0.290468 0.018613 0.012408
0 0.081218 0.274676 0.022561 0.018049
0 0.071912 0.299774 0.017484 0.017484
0 0.078116 0.321489 0.016356 0.016920
0 0.064016 0.323745 0.014100 0.016920
0 0.105753 0.235759 0.011844 0.007896
0 0.273548 0.025945 0.011280 0.011280
