0 0.271856 0.187817 0.024817 0.027073
0 0.201918 0.093063 0.024817 0.022561
0 0.191483 0.067118 0.023125 0.024817
0 0.131416 0.055556 0.031585 0.025381
0 0.101241 0.047659 0.020869 0.025381
0 0.084320 0.087986 0.025381 0.025945
0 0.077834 0.067118 0.025945 0.018049
0 0.052735 0.047377 0.028765 0.030457
0 0.033841 0.072476 0.025945 0.024253
0 0.025663 0.099267 0.019741 0.024817
0 0.069656 0.387479 0.015228 0.018049
0 0.731528 0.043993 0.015792 0.023689
0 0.771574 0.029329 0.018049 0.018049
0 0.815849 0.130852 0.021997 0.022561
0 0.865764 0.064016 0.024817 0.027637
0 0.965877 0.009024 0.023125 0.012408
0 0.647772 0.324591 0.067118 0.042301
0 0.636774 0.368020 0.043993 0.037789
0 0.752961 0.432882 0.047377 0.037789
0 0.718556 0.439932 0.028201 0.051889
0 0.577834 0.410603 0.046813 0.045121
0 0.529047 0.462211 0.033841 0.036661
0 0.690919 0.595601 0.039481 0.030457
0 0.682177 0.632544 0.040045 0.034405
0 0.367456 0.438522 0.021997 0.017484
0 0.344896 0.437958 0.015228 0.016356
0 0.346306 0.418218 0.025945 0.023125
0 0.314157 0.410886 0.022561 0.021997
0 0.610547 0.630288 0.028765 0.029893
0 0.433164 0.729272 0.031585 0.025945
0 0.393683 0.754653 0.030457 0.028201
0 0.368302 0.687817 0.031585 0.024253
0 0.308235 0.744783 0.042301 0.026509
0 0.333333 0.791032 0.028201 0.029893
0 0.359560 0.756063 0.025381 0.021997
0 0.304005 0.701918 0.036097 0.029893
0 0.126058 0.948957 0.028765 0.020869
0 0.206148 0.754089 0.036661 0.030457
0 0.161309 0.758319 0.042865 0.028765
0 0.154540 0.703046 0.038353 0.037789
0 0.144388 0.664693 0.025945 0.031021
0 0.164411 0.903553 0.025381 0.021433
0 0.248449 0.806261 0.028765 0.029893
0 0.734349 0.219966 0.021433 0.024817
