0 0.761985 0.021151 0.034969 0.029893
0 0.859560 0.072758 0.046249 0.029329
0 0.580654 0.030457 0.032149 0.027073
0 0.719684 0.328821 0.050761 0.042865
0 0.643260 0.391427 0.040045 0.043993
0 0.286520 0.601523 0.037225 0.037789
0 0.287084 0.639876 0.054146 0.037789
0 0.475465 0.471517 0.027073 0.041737
0 0.510434 0.525945 0.047377 0.047941
0 0.468415 0.566272 0.054710 0.049633
0 0.489566 0.498026 0.029329 0.030457
0 0.572758 0.609983 0.047941 0.058094
0 0.631134 0.557248 0.049633 0.058658
0 0.679639 0.490976 0.047377 0.037789
0 0.121263 0.175409 0.029329 0.038353
0 0.038353 0.113367 0.038353 0.037225
0 0.080654 0.065426 0.043993 0.034969
0 0.028201 0.052735 0.041737 0.037789
0 0.702764 0.844614 0.024817 0.031021
0 0.745911 0.855330 0.033277 0.036661
0 0.085448 0.947547 0.027637 0.023689
0 0.024535 0.981669 0.019741 0.019741
