0 0.055838 0.124083 0.071066 0.076706 
0 0.019459 0.157078 0.035533 0.036661 
0 0.167513 0.189509 0.045121 0.043993 
0 0.149182 0.211506 0.025381 0.025945 
0 0.067682 0.222504 0.048505 0.055838 
0 0.251833 0.147490 0.076142 0.063734 
0 0.119007 0.283418 0.098139 0.094191 
0 0.252961 0.272702 0.073886 0.076142 
0 0.107445 0.368584 0.073886 0.069374 
0 0.219120 0.402425 0.085166 0.088550 
0 0.169769 0.451213 0.066554 0.076706 
0 0.263395 0.547659 0.057530 0.089114 
0 0.144388 0.557530 0.033841 0.040045 
0 0.023971 0.511280 0.045685 0.036661 
0 0.187817 0.213480 0.039481 0.037789 
0 0.386351 0.596165 0.053017 0.060914 
0 0.472645 0.520305 0.059786 0.079526 
0 0.571630 0.262549 0.036661 0.050197 
0 0.619007 0.177101 0.045685 0.050761 
0 0.642414 0.232657 0.042865 0.060350 
0 0.627468 0.299774 0.036661 0.047941 
0 0.685561 0.249295 0.036661 0.046249 
0 0.684433 0.176819 0.040045 0.047941 
0 0.756627 0.012126 0.041173 0.023125 
0 0.940778 0.021151 0.065426 0.041173 
0 0.860970 0.215454 0.065990 0.056402 
0 0.924986 0.237169 0.063170 0.050197 
0 0.782572 0.356176 0.042301 0.049069 
0 0.848280 0.344896 0.040609 0.044557 
0 0.995206 0.209250 0.009588 0.043993 
0 0.960801 0.400451 0.034405 0.047377 
0 0.907501 0.503102 0.041737 0.038353 
0 0.687535 0.509870 0.027073 0.032713 
0 0.614495 0.472081 0.029893 0.030457 
0 0.623237 0.537225 0.029329 0.026509 
0 0.248731 0.603779 0.036097 0.029893 
0 0.248167 0.634236 0.029329 0.031021 
0 0.341512 0.924140 0.032149 0.042301 
0 0.762267 0.501692 0.033277 0.033277 
