0 0.020587 0.117597 0.029893 0.037789 
0 0.074732 0.198816 0.033277 0.032149 
0 0.029329 0.217992 0.037225 0.038917 
0 0.077270 0.285110 0.047377 0.038917 
0 0.101241 0.327411 0.032149 0.029893 
0 0.276932 0.040609 0.051889 0.051889 
0 0.336153 0.090243 0.058658 0.069938 
0 0.315849 0.176255 0.036097 0.036661 
0 0.370276 0.192047 0.047941 0.060350 
0 0.387761 0.230118 0.050197 0.041737 
0 0.425550 0.155668 0.049069 0.056402 
0 0.482234 0.204456 0.039481 0.059222 
0 0.465031 0.108855 0.072758 0.072194 
0 0.517484 0.118725 0.045685 0.045685 
0 0.604061 0.062888 0.029329 0.034405 
0 0.755499 0.030739 0.032149 0.041173 
0 0.710660 0.012690 0.032713 0.021997 
0 0.818951 0.268754 0.024817 0.032149 
0 0.189791 0.244219 0.017484 0.027073 
0 0.419628 0.375353 0.062042 0.069374 
0 0.420756 0.427524 0.049633 0.034969 
0 0.392837 0.433446 0.032149 0.045685 
0 0.509024 0.471799 0.038917 0.037789 
0 0.560632 0.482516 0.063170 0.058094 
0 0.571348 0.523971 0.037225 0.032713 
0 0.648336 0.483080 0.047941 0.036661 
0 0.657924 0.564862 0.053582 0.049069 
0 0.730400 0.489002 0.059786 0.051889 
0 0.690919 0.452059 0.042865 0.049069 
0 0.759447 0.436548 0.051325 0.039481 
0 0.862098 0.369712 0.056966 0.050197 
0 0.925268 0.377327 0.050197 0.038353 
0 0.886915 0.435984 0.041173 0.041737 
0 0.932882 0.454879 0.042865 0.035533 
0 0.815567 0.728990 0.034969 0.038917 
0 0.321771 0.580936 0.062606 0.055274 
0 0.252961 0.621263 0.065990 0.070502 
0 0.183587 0.595601 0.051325 0.053017 
0 0.158770 0.855330 0.068246 0.060350 
0 0.253525 0.888607 0.038917 0.052453 
0 0.208686 0.882403 0.041737 0.040045 
0 0.946983 0.832487 0.067682 0.065426 
0 0.904681 0.914270 0.056402 0.069938 
0 0.847716 0.931754 0.071066 0.067682 
0 0.864354 0.823463 0.052453 0.056402 
0 0.652002 0.925268 0.038353 0.040045 
0 0.818951 0.385223 0.022561 0.053017 
