0 0.151720 0.156796 0.076706 0.067682 
0 0.261703 0.132544 0.057530 0.049633 
0 0.199944 0.206712 0.040045 0.034405 
0 0.138184 0.263677 0.049633 0.049069 
0 0.265369 0.320925 0.069374 0.067682 
0 0.434574 0.213198 0.147208 0.157924 
0 0.516920 0.320925 0.163001 0.159052 
0 0.221094 0.396785 0.129724 0.115623 
0 0.439086 0.476311 0.112239 0.122391 
0 0.674845 0.389171 0.097575 0.087986 
0 0.751269 0.300902 0.106035 0.085166 
0 0.175409 0.316977 0.056402 0.037225 
0 0.393683 0.571630 0.092499 0.094191 
0 0.254371 0.523407 0.102651 0.110547 
0 0.159616 0.543993 0.059786 0.061478 
0 0.488438 0.586294 0.066554 0.061478 
0 0.460801 0.688663 0.127468 0.145516 
0 0.672871 0.644952 0.075578 0.056966 
0 0.716018 0.714608 0.069374 0.062042 
0 0.570220 0.689227 0.045121 0.045121 
0 0.775522 0.943034 0.069938 0.069938 
0 0.839820 0.935138 0.101523 0.119571 
0 0.714326 0.987310 0.059222 0.025381 
0 0.319233 0.474337 0.153412 0.159052 
