0 0.685843 0.161309 0.049633 0.054146 
0 0.670897 0.197688 0.040045 0.036661 
0 0.727862 0.241681 0.040045 0.035533 
0 0.797518 0.227298 0.033841 0.041737 
0 0.432882 0.099831 0.075014 0.063170 
0 0.427242 0.133672 0.062606 0.042865 
0 0.410603 0.195149 0.059786 0.058658 
0 0.379583 0.274958 0.072194 0.081782 
0 0.496616 0.215172 0.023125 0.031021 
0 0.045403 0.464467 0.033277 0.040045 
0 0.237169 0.760011 0.046813 0.046813 
0 0.594191 0.918218 0.044557 0.046249 
0 0.623801 0.972645 0.063170 0.054710 
0 0.359278 0.303723 0.038353 0.037789 
