0 0.468415 0.043429 0.065990 0.062042
0 0.641286 0.077552 0.047377 0.058094
0 0.588550 0.103779 0.051325 0.054146
0 0.612239 0.163847 0.031021 0.043429
0 0.341230 0.057530 0.037225 0.040609
0 0.132544 0.377891 0.038353 0.025945
0 0.096729 0.423858 0.050197 0.028765
0 0.107445 0.454597 0.036661 0.034969
0 0.148336 0.458263 0.036097 0.038917
0 0.071066 0.470389 0.036097 0.038353
0 0.051043 0.435702 0.034405 0.040045
0 0.415398 0.406937 0.077270 0.077270
0 0.399605 0.441342 0.076142 0.047941
0 0.382685 0.510152 0.082910 0.094191
0 0.314157 0.509588 0.054146 0.079526
0 0.566836 0.460519 0.075578 0.094191
0 0.567400 0.550761 0.087986 0.072758
0 0.536379 0.606599 0.042865 0.060350
0 0.663565 0.684997 0.055838 0.053582
0 0.142978 0.790750 0.045685 0.040609
0 0.076142 0.798364 0.037225 0.029893
0 0.583474 0.917372 0.053582 0.045685
0 0.569092 0.987028 0.058658 0.025945
0 0.553017 0.142132 0.044557 0.042865
0 0.378173 0.016356 0.043429 0.029329
0 0.223350 0.021997 0.047377 0.036097
0 0.041173 0.067682 0.051889 0.056402
0 0.091371 0.016638 0.034969 0.025381
