0 0.032431 0.016074 0.058094 0.031021 
0 0.024253 0.085448 0.040609 0.058094 
0 0.132826 0.211788 0.102087 0.093063 
0 0.022279 0.185843 0.040045 0.047941 
0 0.041455 0.260011 0.081782 0.098139 
0 0.273266 0.042865 0.097575 0.081218 
0 0.470671 0.143260 0.049069 0.050761 
0 0.073322 0.471517 0.084602 0.078962 
0 0.618161 0.284264 0.081218 0.078962 
0 0.767343 0.236323 0.087422 0.076706 
0 0.867738 0.287930 0.072758 0.077270 
0 0.806261 0.317259 0.090807 0.079526 
0 0.692611 0.294980 0.064298 0.067682 
0 0.754371 0.402425 0.027637 0.031021 
0 0.726734 0.496616 0.116751 0.093063 
0 0.657642 0.540045 0.078962 0.073886 
0 0.604343 0.651720 0.113367 0.123519 
0 0.446136 0.560068 0.077834 0.080090 
0 0.395093 0.641568 0.117879 0.109983 
0 0.556966 0.782572 0.088550 0.106599 
0 0.748167 0.763113 0.037789 0.032713 
0 0.705584 0.848844 0.027073 0.028201 
0 0.464467 0.817259 0.085166 0.078962 
