0 0.147208 0.118161 0.051889 0.045685
0 0.087704 0.104907 0.045685 0.027073
0 0.978003 0.028483 0.036097 0.055838
0 0.455725 0.245347 0.084602 0.091371
0 0.514100 0.276650 0.061478 0.058094
0 0.405809 0.270446 0.025381 0.053582
0 0.582910 0.351100 0.086294 0.090807
0 0.488438 0.373942 0.078962 0.085730
0 0.390863 0.374224 0.083474 0.088550
0 0.307671 0.331923 0.077270 0.072758
0 0.317823 0.390299 0.076142 0.085730
0 0.389735 0.451777 0.066554 0.068810
0 0.344896 0.477157 0.067118 0.072194
0 0.475183 0.481105 0.080654 0.085730
0 0.783700 0.365482 0.053582 0.030457
0 0.762267 0.638184 0.033277 0.043429
0 0.765369 0.705302 0.056402 0.060350
0 0.739989 0.737169 0.051889 0.039481
0 0.943598 0.652002 0.053017 0.053017
0 0.974337 0.709532 0.045685 0.058658
0 0.933164 0.709532 0.043429 0.055274
0 0.937394 0.806261 0.065426 0.060350
0 0.884941 0.837563 0.050761 0.053017
0 0.955725 0.890017 0.075014 0.069938
0 0.990130 0.857022 0.019741 0.055838
0 0.882121 0.893683 0.060914 0.058094
0 0.618443 0.861534 0.040045 0.036661
0 0.625212 0.919910 0.035533 0.037225
