0 0.534687 0.164411 0.103779 0.103215
0 0.606317 0.227580 0.082346 0.093063
0 0.650592 0.382121 0.072758 0.062606
0 0.741117 0.516074 0.092499 0.068810
0 0.699944 0.622673 0.077834 0.069938
0 0.421884 0.254371 0.112803 0.111675
0 0.236605 0.414552 0.078398 0.081218
0 0.690355 0.742809 0.090243 0.093627
0 0.708404 0.858714 0.053017 0.071630
0 0.488720 0.861534 0.120135 0.105471
0 0.401297 0.694303 0.068246 0.056402
0 0.405527 0.748731 0.058658 0.052453
0 0.490412 0.861534 0.120135 0.105471
0 0.300902 0.754089 0.079526 0.075578
0 0.402143 0.909757 0.036097 0.028201
0 0.363226 0.935984 0.037225 0.033277
0 0.318387 0.937112 0.041173 0.037789
