0 0.402707 0.271856 0.074450 0.087986
0 0.273830 0.274676 0.120135 0.118443
0 0.300338 0.382121 0.071630 0.072758
0 0.380147 0.399041 0.071066 0.090807
0 0.341794 0.439650 0.049633 0.055838
0 0.347716 0.488720 0.042301 0.054710
0 0.445290 0.476593 0.059222 0.059786
0 0.412860 0.569092 0.043993 0.043993
0 0.460237 0.629724 0.047377 0.034405
0 0.902143 0.680767 0.043429 0.055274
0 0.920474 0.785392 0.043993 0.052453
0 0.506768 0.812183 0.073886 0.078962
0 0.520587 0.866610 0.043993 0.037789
0 0.047941 0.795262 0.034969 0.033841
