0 0.969543 0.213480 0.049633 0.081782 
0 0.843204 0.260011 0.032713 0.057530 
0 0.731246 0.261703 0.084038 0.111675 
0 0.780880 0.281444 0.082910 0.124083 
0 0.732375 0.512690 0.046813 0.056402 
0 0.647208 0.318387 0.082910 0.094191 
0 0.523689 0.470107 0.081782 0.091935 
0 0.415962 0.489566 0.119007 0.128596 
0 0.342076 0.464749 0.058094 0.063170 
0 0.351382 0.523407 0.069938 0.073322 
0 0.459109 0.375917 0.066554 0.050197 
0 0.266779 0.374788 0.031585 0.034405 
0 0.488156 0.848844 0.089679 0.077834 
0 0.550761 0.861816 0.049069 0.047377 
0 0.789340 0.758883 0.041173 0.044557 
0 0.652848 0.493796 0.035533 0.041173 
0 0.456289 0.575014 0.034969 0.034405 
