0 0.512972 0.072758 0.035533 0.043993 
0 0.577552 0.132544 0.066554 0.060914 
0 0.553582 0.157924 0.044557 0.051889 
0 0.509024 0.150874 0.031021 0.031021 
0 0.351664 0.202764 0.037789 0.041173 
0 0.390581 0.209250 0.027637 0.033841 
0 0.438240 0.213198 0.034969 0.032713 
0 0.479131 0.246193 0.021997 0.033277 
0 0.456853 0.293288 0.060914 0.060914 
0 0.351100 0.262549 0.031021 0.040045 
0 0.390299 0.269600 0.023689 0.037225 
0 0.322899 0.247321 0.020869 0.032149 
0 0.306543 0.233503 0.015228 0.024817 
0 0.340666 0.140158 0.029329 0.020869 
0 0.293288 0.175127 0.020305 0.024253 
0 0.289904 0.211506 0.019177 0.022561 
0 0.251551 0.080090 0.016920 0.020305 
0 0.247039 0.151720 0.016920 0.019177 
0 0.476875 0.143260 0.020869 0.020305 
0 0.392555 0.339255 0.024817 0.024253 
0 0.430908 0.347716 0.023689 0.032149 
0 0.348280 0.303440 0.028765 0.028201 
0 0.327975 0.313875 0.026509 0.033277 
0 0.251833 0.367738 0.025381 0.031585 
0 0.341512 0.357022 0.028765 0.039481 
0 0.307107 0.367456 0.018613 0.025381 
0 0.369994 0.380147 0.025945 0.032713 
0 0.653412 0.046531 0.021997 0.029893 
0 0.681331 0.053299 0.032713 0.029893 
0 0.670051 0.091371 0.019177 0.019177 
0 0.708122 0.016638 0.026509 0.032149 
0 0.725324 0.007614 0.039481 0.014100 
0 0.758037 0.039481 0.028201 0.025945 
0 0.783418 0.111675 0.032713 0.033841 
0 0.841230 0.052735 0.027637 0.037789 
0 0.894529 0.089397 0.020305 0.027637 
0 0.615059 0.302312 0.051325 0.056402 
0 0.571630 0.371686 0.060350 0.046249 
0 0.783982 0.308235 0.029329 0.033277 
0 0.512408 0.693457 0.052453 0.055838 
0 0.250423 0.964467 0.051889 0.045121 
0 0.436548 0.829385 0.056402 0.041173 
0 0.848562 0.971235 0.060350 0.053017 
0 0.954597 0.936830 0.043429 0.041737 
0 0.889171 0.709814 0.028765 0.032149 
0 0.054710 0.462211 0.027073 0.031021 
