0 0.593909 0.022279 0.037225 0.033277
0 0.585448 0.084884 0.045121 0.046813
0 0.488438 0.152566 0.042865 0.041173
0 0.681331 0.181895 0.056402 0.063734
0 0.664129 0.204738 0.069374 0.092499
0 0.727580 0.230400 0.038353 0.037789
0 0.799774 0.291032 0.077834 0.091371
0 0.691483 0.294980 0.064298 0.071066
0 0.263677 0.165257 0.028765 0.037225
0 0.248731 0.186971 0.028201 0.032149
0 0.238015 0.276086 0.043993 0.044557
0 0.285110 0.315285 0.042301 0.036097
0 0.217146 0.366046 0.033841 0.033841
0 0.426960 0.341794 0.069938 0.082346
0 0.298082 0.458827 0.068246 0.077270
0 0.157078 0.395093 0.020869 0.035533
0 0.156232 0.453751 0.050761 0.051325
0 0.132826 0.540045 0.063734 0.080654
0 0.083756 0.499436 0.043429 0.045685
0 0.054146 0.541737 0.047377 0.043429
0 0.174281 0.593345 0.058658 0.057530
0 0.180767 0.650028 0.052453 0.051325
0 0.129724 0.627750 0.038353 0.046249
0 0.260857 0.626622 0.047941 0.073322
0 0.276932 0.664975 0.046249 0.045121
0 0.353356 0.619571 0.045685 0.058094
0 0.405245 0.651156 0.029893 0.050197
0 0.404681 0.682177 0.037789 0.034405
0 0.441624 0.723350 0.036097 0.041173
0 0.457417 0.633108 0.030457 0.033277
0 0.445290 0.571066 0.040045 0.043429
0 0.508178 0.618443 0.055274 0.069374
0 0.515228 0.404681 0.062606 0.046813
0 0.673999 0.454033 0.049633 0.055274
0 0.616469 0.494642 0.039481 0.049633
0 0.779470 0.482798 0.068810 0.085730
0 0.602087 0.596165 0.053582 0.060914
0 0.664975 0.650592 0.051889 0.063734
0 0.596729 0.727862 0.055274 0.061478
0 0.563734 0.786238 0.036661 0.045121
0 0.501974 0.787366 0.033841 0.040609
0 0.977721 0.741681 0.038917 0.068810
0 0.878173 0.820079 0.051889 0.059786
0 0.777214 0.768754 0.053017 0.058658
0 0.842076 0.627750 0.057530 0.069938
0 0.963339 0.978849 0.051889 0.042301
0 0.519177 0.924422 0.049069 0.056402
0 0.477721 0.963621 0.040609 0.047941
0 0.428652 0.973209 0.053017 0.050197
0 0.223350 0.960237 0.054146 0.042301
0 0.293570 0.939368 0.051325 0.044557
0 0.679357 0.716864 0.043429 0.049633
0 0.961365 0.527919 0.065990 0.076706
0 0.987310 0.026509 0.018613 0.027073
