0 0.538635 0.043993 0.125212 0.082346 
0 0.674281 0.135928 0.089679 0.098139 
0 0.423012 0.198816 0.117315 0.134800 
0 0.241399 0.319515 0.128596 0.140440 
0 0.162437 0.246475 0.113931 0.122955 
0 0.336717 0.428934 0.108291 0.087422 
0 0.246475 0.446701 0.067682 0.063170 
0 0.418500 0.448675 0.069938 0.086294 
0 0.555556 0.403553 0.111675 0.096447 
0 0.727862 0.439086 0.134800 0.124647 
0 0.887761 0.574168 0.107163 0.112803 
0 0.624083 0.502256 0.082910 0.082910 
0 0.776086 0.578116 0.110547 0.130852 
0 0.725606 0.694867 0.151720 0.129724 
0 0.782290 0.769882 0.097011 0.083474 
0 0.563734 0.701072 0.062606 0.067682 
0 0.446136 0.733503 0.081218 0.063734 
0 0.501128 0.637902 0.078398 0.051889 
0 0.458545 0.537225 0.055274 0.065990 
0 0.306825 0.597575 0.057530 0.052453 
0 0.280598 0.725888 0.052453 0.051889 
0 0.199098 0.593345 0.063170 0.050761 
0 0.111111 0.663001 0.050761 0.041173 
0 0.655386 0.627750 0.071066 0.050761 
0 0.466441 0.935702 0.038353 0.040609 
0 0.371686 0.830513 0.055274 0.045685 
