0 0.619007 0.150028 0.059222 0.057530
0 0.557248 0.164129 0.064298 0.063170
0 0.440778 0.184151 0.056966 0.053582
0 0.694303 0.342640 0.054146 0.051325
0 0.733785 0.391145 0.071066 0.061478
0 0.960519 0.096729 0.031585 0.026509
0 0.533277 0.472645 0.043429 0.043993
0 0.380429 0.479695 0.045685 0.046813
0 0.323181 0.409475 0.059786 0.041737
0 0.311619 0.360124 0.058094 0.052453
0 0.224196 0.684433 0.052453 0.050197
0 0.298646 0.751833 0.042301 0.054146
0 0.491258 0.777214 0.036097 0.029329
0 0.562324 0.775240 0.071066 0.069374
