0 0.672589 0.140440 0.028765 0.043993 
0 0.642978 0.145234 0.020305 0.035533 
0 0.772420 0.169205 0.015228 0.021433 
0 0.753807 0.192611 0.023125 0.026509 
0 0.807107 0.278060 0.025945 0.033841 
0 0.820079 0.254089 0.029329 0.033277 
0 0.698252 0.300338 0.032713 0.044557 
0 0.725324 0.287930 0.019177 0.038917 
0 0.660462 0.333333 0.028201 0.043993 
0 0.661027 0.371122 0.023689 0.025945 
0 0.677665 0.441906 0.027637 0.043429 
0 0.633954 0.474619 0.030457 0.042301 
0 0.595883 0.489284 0.029893 0.040045 
0 0.403553 0.536097 0.034405 0.038917 
0 0.349408 0.465313 0.036661 0.045121 
0 0.298082 0.478849 0.035533 0.045121 
0 0.330513 0.523971 0.033841 0.040609 
0 0.293288 0.601523 0.038353 0.036661 
0 0.236605 0.595319 0.041173 0.056966 
0 0.179357 0.617879 0.029329 0.044557 
0 0.220248 0.641286 0.027637 0.030457 
0 0.302594 0.649464 0.035533 0.038917 
0 0.596165 0.626340 0.025945 0.031021 
0 0.597011 0.670897 0.028765 0.026509 
0 0.251833 0.548787 0.028765 0.023689 
0 0.239989 0.519741 0.026509 0.020869 
0 0.529893 0.628596 0.029893 0.040045 
0 0.675127 0.721376 0.024817 0.029329 
0 0.546249 0.827693 0.029893 0.029893 
0 0.712070 0.784264 0.025381 0.032149 
0 0.767061 0.767061 0.025945 0.031585 
0 0.873096 0.839820 0.030457 0.029329 
0 0.893965 0.875917 0.028201 0.016920 
0 0.861816 0.914552 0.020305 0.026509 
0 0.673717 0.920192 0.024253 0.029893 
0 0.308517 0.858714 0.021433 0.034405 
0 0.117033 0.873096 0.053582 0.043993 
0 0.198252 0.932036 0.042301 0.051325 
0 0.147490 0.946418 0.051325 0.037225 
0 0.167795 0.981105 0.037789 0.027637 
0 0.091935 0.938240 0.037225 0.032149 
0 0.655950 0.562042 0.015792 0.021997 
0 0.646362 0.586858 0.018049 0.020869 
0 0.589961 0.599549 0.023689 0.021433 
0 0.217710 0.514100 0.020305 0.027637 
