0 0.827693 0.040891 0.053582 0.058094 
0 0.796390 0.125776 0.041737 0.045121 
0 0.849690 0.230682 0.031021 0.037225 
0 0.635364 0.069938 0.018613 0.032713 
0 0.618443 0.026227 0.028765 0.020869 
0 0.249295 0.018895 0.024817 0.032149 
0 0.265651 0.044275 0.022561 0.024253 
0 0.288776 0.056120 0.028201 0.025381 
0 0.289622 0.098421 0.027637 0.032149 
0 0.183869 0.180767 0.034969 0.040045 
0 0.190637 0.220248 0.027073 0.024253 
0 0.201354 0.239989 0.015792 0.027637 
0 0.433164 0.254935 0.053017 0.060914 
0 0.440778 0.316413 0.054710 0.054146 
0 0.484490 0.353074 0.045121 0.050761 
0 0.447265 0.361816 0.028201 0.033277 
0 0.368020 0.315849 0.044557 0.053017 
0 0.373660 0.353920 0.033277 0.026509 
0 0.278060 0.350536 0.023689 0.029893 
0 0.161591 0.381275 0.027637 0.031585 
0 0.188945 0.381839 0.021433 0.023689 
0 0.137620 0.380147 0.022561 0.025945 
0 0.162155 0.406655 0.023125 0.019177 
0 0.182177 0.447829 0.018049 0.024817 
0 0.294134 0.429498 0.014100 0.017484 
0 0.550479 0.592781 0.057530 0.059786 
0 0.619289 0.605471 0.038353 0.044557 
0 0.601523 0.664129 0.040045 0.050197 
0 0.628596 0.654258 0.021997 0.042865 
0 0.640158 0.692893 0.038353 0.031021 
0 0.561760 0.635364 0.032713 0.033277 
0 0.481387 0.629724 0.055838 0.053582 
0 0.531021 0.650028 0.034405 0.045685 
0 0.758037 0.817541 0.027073 0.029893 
0 0.850536 0.541455 0.032713 0.034969 
0 0.880711 0.648618 0.027637 0.030457 
0 0.458263 0.796390 0.026509 0.029329 
0 0.498026 0.802876 0.027073 0.034405 
0 0.389735 0.773830 0.034969 0.038353 
0 0.238297 0.697124 0.040045 0.048505 
0 0.198252 0.713198 0.035533 0.027637 
0 0.189509 0.750423 0.039481 0.042301 
0 0.145798 0.724478 0.045685 0.049069 
0 0.112521 0.678511 0.050197 0.046249 
0 0.176819 0.567118 0.018613 0.025381 
0 0.155104 0.567118 0.013536 0.018613 
