0 0.102369 0.065708 0.029893 0.031021
0 0.121545 0.201072 0.038917 0.036661
0 0.192329 0.238861 0.038353 0.038917
0 0.172589 0.338691 0.042865 0.042301
0 0.930908 0.084038 0.046813 0.043993
0 0.984490 0.081500 0.028765 0.049069
0 0.963903 0.178229 0.051889 0.065426
0 0.752115 0.254089 0.069374 0.056966
0 0.766779 0.397631 0.128032 0.130852
0 0.639312 0.511844 0.098703 0.091935
0 0.555556 0.656514 0.072194 0.062042
0 0.463621 0.598985 0.072194 0.072194
0 0.445854 0.724478 0.037789 0.044557
0 0.468697 0.717992 0.051889 0.055274
0 0.394247 0.763677 0.043993 0.050761
0 0.450931 0.798928 0.042301 0.041173
0 0.338409 0.853356 0.057530 0.055274
0 0.284828 0.832487 0.038353 0.041737
0 0.179357 0.783136 0.036097 0.052453
0 0.264523 0.924140 0.036097 0.070502
0 0.177947 0.919910 0.032149 0.029329
0 0.231528 0.954597 0.024253 0.027637
0 0.625776 0.849972 0.032149 0.031585
0 0.722786 0.913988 0.037789 0.031021
