0 0.057530 0.011844 0.027073 0.019177 
0 0.075578 0.054992 0.037225 0.040045 
0 0.136492 0.046249 0.042865 0.038353 
0 0.093345 0.012972 0.031021 0.019177 
0 0.368584 0.032713 0.051325 0.047377 
0 0.473209 0.055838 0.049633 0.053017 
0 0.500846 0.014100 0.041737 0.024817 
0 0.542865 0.038635 0.032149 0.047941 
0 0.247039 0.130006 0.060914 0.054710 
0 0.208404 0.111675 0.021997 0.039481 
0 0.216864 0.163283 0.037789 0.035533 
0 0.257755 0.185843 0.047377 0.045685 
0 0.249013 0.214608 0.056966 0.060350 
0 0.203046 0.208968 0.036097 0.054710 
0 0.330231 0.227580 0.041173 0.046813 
0 0.612521 0.090243 0.058658 0.064298 
0 0.716018 0.064016 0.063734 0.064862 
0 0.714608 0.014100 0.047377 0.023689 
0 0.677383 0.052453 0.019177 0.041737 
0 0.658206 0.164411 0.041737 0.050197 
0 0.892555 0.040327 0.036661 0.042301 
0 0.732375 0.289904 0.103215 0.102651 
0 0.722222 0.400451 0.093063 0.081218 
0 0.633954 0.394247 0.087986 0.086858 
0 0.581218 0.438804 0.088550 0.083474 
0 0.504794 0.467569 0.034969 0.053017 
0 0.563734 0.338127 0.070502 0.087422 
0 0.907219 0.371122 0.042301 0.034969 
0 0.838691 0.420756 0.041737 0.043993 
0 0.816131 0.460519 0.041737 0.040045 
0 0.768472 0.498590 0.043429 0.047377 
0 0.728426 0.501410 0.031021 0.039481 
0 0.868584 0.584602 0.046249 0.042301 
0 0.968979 0.579808 0.056402 0.048505 
0 0.968697 0.527073 0.047941 0.032149 
0 0.212634 0.435702 0.043993 0.027637 
0 0.149182 0.450085 0.051325 0.054146 
0 0.195431 0.458545 0.029893 0.037225 
0 0.348280 0.721658 0.069374 0.060350 
0 0.255781 0.767625 0.072758 0.064298 
0 0.317823 0.825155 0.090807 0.107163 
0 0.400733 0.822335 0.055838 0.072194 
0 0.382121 0.874506 0.067118 0.065990 
0 0.282290 0.850818 0.047941 0.069374 
0 0.245629 0.806261 0.050197 0.027637 
0 0.613931 0.822899 0.036661 0.046249 
0 0.668359 0.866046 0.048505 0.046813 
0 0.703892 0.840102 0.027073 0.031021 
0 0.629442 0.859560 0.027073 0.029329 
