0 0.428370 0.137902 0.036661 0.036661
0 0.450649 0.163283 0.024817 0.033277
0 0.406373 0.199662 0.026509 0.037225
0 0.666385 0.206430 0.102087 0.108291
0 0.653130 0.297800 0.076706 0.078962
0 0.692611 0.319233 0.050761 0.057530
0 0.585730 0.277778 0.040045 0.040045
0 0.532995 0.415116 0.060914 0.056402
0 0.254935 0.347716 0.048505 0.047941
0 0.271010 0.382967 0.040045 0.028201
0 0.310209 0.343486 0.043993 0.042865
0 0.217146 0.377327 0.057530 0.054146
0 0.093063 0.427806 0.029329 0.036661
0 0.286238 0.512972 0.065990 0.079526
0 0.367174 0.506204 0.051889 0.053582
0 0.388325 0.575014 0.069374 0.075014
0 0.460237 0.593063 0.054146 0.052453
0 0.307671 0.580654 0.050197 0.045685
0 0.257473 0.770728 0.044557 0.043429
0 0.186407 0.750705 0.042301 0.054146
0 0.159052 0.764241 0.023689 0.041737
0 0.120699 0.742809 0.033841 0.027073
0 0.109137 0.770446 0.027637 0.028201
0 0.578398 0.875353 0.036661 0.038353
0 0.511844 0.978285 0.034405 0.041173
0 0.900451 0.819233 0.034405 0.037789
0 0.897913 0.873660 0.040609 0.043993
0 0.547659 0.845742 0.036097 0.034405
0 0.569092 0.696842 0.027073 0.034405
0 0.575296 0.633672 0.028201 0.026509
0 0.567682 0.659052 0.031021 0.032149
0 0.406937 0.972645 0.033277 0.035533
