0 0.109983 0.180767 0.029329 0.033277
0 0.137338 0.195149 0.031021 0.033841
0 0.054992 0.199380 0.047941 0.035533
0 0.079526 0.171179 0.029329 0.026509
0 0.296672 0.087704 0.025945 0.028765
0 0.234067 0.088268 0.027073 0.020869
0 0.285674 0.064580 0.017484 0.026509
0 0.338127 0.165821 0.043429 0.042865
0 0.408347 0.283418 0.038353 0.031021
0 0.473491 0.150592 0.040045 0.041737
0 0.462211 0.104907 0.023125 0.032713
0 0.358432 0.047941 0.031021 0.036097
0 0.436266 0.025945 0.052453 0.045121
0 0.467287 0.063170 0.036661 0.039481
0 0.397349 0.027637 0.031021 0.047377
0 0.372814 0.013536 0.048505 0.025945
0 0.496052 0.039199 0.035533 0.044557
0 0.487874 0.007050 0.037225 0.012972
0 0.531867 0.027637 0.056402 0.054146
0 0.603779 0.025945 0.049069 0.047377
0 0.640722 0.024535 0.023689 0.044557
0 0.658770 0.071630 0.039481 0.046249
0 0.703328 0.048505 0.037225 0.042865
0 0.721376 0.075014 0.031585 0.033841
0 0.767625 0.098703 0.031585 0.054146
0 0.815567 0.120417 0.041737 0.050197
0 0.854766 0.137902 0.033277 0.043429
0 0.794980 0.096165 0.020869 0.062606
0 0.770728 0.176819 0.027637 0.028765
0 0.681895 0.211788 0.032713 0.033277
0 0.633954 0.191765 0.036097 0.040609
0 0.679075 0.254935 0.033841 0.031585
0 0.590243 0.288776 0.044557 0.040609
0 0.518613 0.320361 0.034405 0.033841
0 0.907219 0.332205 0.025381 0.042865
0 0.952905 0.330795 0.046813 0.040045
0 0.925550 0.362944 0.042865 0.041173
0 0.914270 0.437958 0.053017 0.040045
0 0.857304 0.415680 0.072194 0.064298
0 0.854484 0.369148 0.046249 0.029893
0 0.797518 0.344332 0.077834 0.064862
0 0.816977 0.454315 0.060350 0.052453
0 0.858150 0.512690 0.080654 0.075578
0 0.777214 0.507050 0.075578 0.078962
0 0.746757 0.404399 0.090243 0.085730
0 0.689791 0.386069 0.062042 0.063734
0 0.656232 0.432882 0.072758 0.068246
0 0.709814 0.495206 0.056966 0.058658
0 0.692329 0.538635 0.059222 0.049633
0 0.704456 0.573322 0.067682 0.041173
0 0.651438 0.542301 0.045121 0.055838
0 0.610547 0.597011 0.047941 0.041173
0 0.624365 0.636492 0.059786 0.058094
0 0.695713 0.650874 0.069374 0.066554
0 0.722786 0.708404 0.062606 0.062042
0 0.650028 0.691483 0.062606 0.060914
0 0.370276 0.523125 0.052453 0.027637
0 0.201918 0.471517 0.031585 0.049633
0 0.265087 0.506204 0.071066 0.070502
0 0.316977 0.559504 0.072194 0.067682
0 0.327975 0.604061 0.056966 0.047377
0 0.145516 0.532431 0.062042 0.064298
0 0.181895 0.505640 0.050197 0.042301
0 0.201918 0.546813 0.038353 0.038917
0 0.207558 0.608855 0.077834 0.081782
0 0.259729 0.686407 0.073886 0.064298
0 0.199380 0.682459 0.047941 0.054146
0 0.129724 0.611675 0.074450 0.077270
0 0.219120 0.728990 0.034405 0.026509
0 0.226734 0.762267 0.031585 0.023125
0 0.189227 0.753243 0.032149 0.025381
0 0.429216 0.739707 0.025945 0.027637
0 0.443034 0.769036 0.033277 0.033277
0 0.420192 0.788212 0.032713 0.035533
0 0.445854 0.809363 0.031021 0.028201
0 0.777214 0.928934 0.045121 0.049633
0 0.805415 0.925550 0.020305 0.038353
0 0.828821 0.982798 0.044557 0.029893
0 0.789058 0.978849 0.037225 0.033277
0 0.750705 0.982798 0.040609 0.033277
0 0.686971 0.983644 0.045121 0.028201
0 0.752961 0.860970 0.042865 0.042301
0 0.702482 0.858714 0.036661 0.032149
0 0.663001 0.866892 0.036661 0.041737
0 0.657924 0.923012 0.046813 0.050197
0 0.655386 0.960801 0.039481 0.032149
