0 0.368020 0.013536 0.042301 0.022561 
0 0.306543 0.111111 0.046813 0.043993 
0 0.253807 0.033559 0.057530 0.062606 
0 0.291314 0.016638 0.024253 0.029893 
0 0.254371 0.077270 0.049633 0.042865 
0 0.210660 0.010152 0.061478 0.018049 
0 0.082064 0.109701 0.065990 0.087422 
0 0.222222 0.167795 0.049633 0.059222 
0 0.434292 0.221094 0.048505 0.033841 
0 0.355894 0.215736 0.040609 0.034405 
0 0.520023 0.357304 0.053017 0.058094 
0 0.575578 0.457417 0.064862 0.065426 
0 0.665821 0.449239 0.060350 0.051325 
0 0.645234 0.509870 0.043993 0.054146 
0 0.606881 0.580654 0.064298 0.064862 
0 0.474337 0.580090 0.058658 0.079526 
0 0.017202 0.964749 0.031021 0.054710 
0 0.884095 0.631698 0.044557 0.060914 
0 0.597857 0.360124 0.042865 0.036661 
