0 0.024535 0.094755 0.033277 0.036097
0 0.056966 0.135082 0.043993 0.033277
0 0.869148 0.100677 0.043993 0.049069
0 0.870840 0.152566 0.037225 0.033277
0 0.529611 0.251551 0.081218 0.073322
0 0.574168 0.352792 0.089114 0.077270
0 0.388889 0.293288 0.091935 0.090243
0 0.327411 0.437958 0.085166 0.079526
0 0.384095 0.509588 0.064298 0.069374
0 0.474901 0.506486 0.053017 0.063170
0 0.278060 0.412014 0.063170 0.072758
0 0.482798 0.699380 0.041737 0.067682
0 0.687535 0.695149 0.053017 0.065990
0 0.661309 0.750423 0.058094 0.058094
0 0.140722 0.981105 0.072758 0.037789
0 0.039763 0.990412 0.050197 0.019177
0 0.038353 0.946418 0.064298 0.054146
