0 0.881839 0.192893 0.017484 0.023689
0 0.899323 0.210378 0.017484 0.024817
0 0.896785 0.179357 0.023689 0.023689
0 0.843768 0.177101 0.024817 0.022561
0 0.895939 0.326565 0.024253 0.030457
0 0.714044 0.229836 0.030457 0.035533
0 0.521151 0.236041 0.028201 0.029893
0 0.490976 0.269036 0.025381 0.027073
0 0.520869 0.294698 0.058094 0.060350
0 0.630288 0.265369 0.071630 0.085166
0 0.693175 0.291314 0.054146 0.065990
0 0.679357 0.387761 0.075014 0.068246
0 0.587140 0.366892 0.071066 0.062606
0 0.536097 0.413142 0.059222 0.059222
0 0.474337 0.407219 0.064298 0.060914
0 0.437394 0.375917 0.051325 0.049069
0 0.489848 0.330513 0.047941 0.059786
0 0.625776 0.587140 0.052453 0.056402
0 0.554992 0.631980 0.039481 0.038917
0 0.681049 0.579526 0.025381 0.025381
0 0.714044 0.577834 0.020305 0.024253
0 0.765651 0.604061 0.024253 0.023689
0 0.712634 0.606317 0.023125 0.018049
0 0.218274 0.351946 0.046249 0.042865
0 0.246475 0.417372 0.042865 0.039481
0 0.193739 0.469543 0.040045 0.040045
0 0.151156 0.417372 0.034969 0.039481
0 0.111957 0.427806 0.040045 0.038917
0 0.159052 0.359278 0.042865 0.038353
0 0.282854 0.406091 0.034405 0.045121
0 0.211506 0.549351 0.025945 0.042865
0 0.249013 0.807107 0.031021 0.037225
0 0.036097 0.785110 0.045121 0.047377
0 0.012126 0.814721 0.018613 0.040045
0 0.600113 0.868584 0.095883 0.094755
0 0.680203 0.860124 0.060914 0.083474
0 0.581500 0.798364 0.066554 0.040045
0 0.508460 0.837281 0.060350 0.049069
0 0.515510 0.943316 0.078962 0.078398
0 0.631416 0.961929 0.053582 0.053582
0 0.523407 0.477439 0.040609 0.031021
