0 0.248449 0.440214 0.034405 0.032149 
0 0.364636 0.258319 0.028765 0.024817 
0 0.362662 0.308799 0.020305 0.032149 
0 0.537789 0.363508 0.062606 0.036661 
0 0.584884 0.412014 0.085730 0.097575 
0 0.644106 0.440214 0.046249 0.053582 
0 0.562888 0.509870 0.067682 0.073322 
0 0.647208 0.536379 0.063734 0.072194 
0 0.501692 0.643260 0.065990 0.059222 
0 0.714044 0.351100 0.039481 0.038917 
0 0.822899 0.312183 0.045121 0.042301 
0 0.852792 0.373378 0.051889 0.048505 
0 0.823181 0.426678 0.036661 0.034405 
0 0.728144 0.390017 0.047377 0.035533 
0 0.792442 0.374224 0.056402 0.054710 
0 0.756909 0.558094 0.043993 0.041173 
0 0.797236 0.558376 0.027637 0.031585 
0 0.709814 0.741399 0.043429 0.054710 
0 0.794698 0.833051 0.045121 0.043993 
0 0.976029 0.961647 0.046813 0.073322 
0 0.921038 0.822053 0.056402 0.054710 
0 0.424704 0.914834 0.031585 0.039481 
0 0.280880 0.754935 0.040609 0.053582 
0 0.307389 0.681613 0.045121 0.061478 
0 0.854484 0.800338 0.038353 0.043993 
