0 0.085730 0.077270 0.048505 0.048505
0 0.148336 0.103497 0.037225 0.040045
0 0.216864 0.056966 0.029893 0.028201
0 0.211224 0.131416 0.038917 0.037225
0 0.184715 0.178793 0.033277 0.038353
0 0.234349 0.294980 0.036661 0.033841
0 0.502538 0.123801 0.037225 0.044557
0 0.521715 0.148336 0.020305 0.020305
0 0.464467 0.160745 0.028765 0.036097
0 0.477439 0.177665 0.017484 0.025945
0 0.445290 0.127186 0.026509 0.025381
0 0.436830 0.156796 0.020869 0.022561
0 0.399323 0.211788 0.027073 0.024253
0 0.901579 0.046813 0.023125 0.020305
0 0.658770 0.347998 0.067682 0.074450
0 0.796390 0.425268 0.043993 0.046249
0 0.860406 0.448957 0.033277 0.037225
0 0.747885 0.412014 0.033841 0.044557
0 0.718556 0.301184 0.054146 0.050761
0 0.595883 0.336717 0.054710 0.077834
0 0.638748 0.439086 0.051325 0.054710
0 0.684151 0.468415 0.032713 0.031021
0 0.690919 0.430626 0.040609 0.041173
0 0.598985 0.443880 0.025945 0.045121
0 0.554428 0.435984 0.043993 0.049633
0 0.516356 0.437676 0.036661 0.034969
0 0.527637 0.491540 0.050197 0.036661
0 0.459109 0.440214 0.053017 0.043429
0 0.388607 0.447829 0.050761 0.040609
0 0.356176 0.524535 0.044557 0.030457
0 0.302312 0.581782 0.041737 0.027637
0 0.884377 0.768754 0.033841 0.034969
0 0.794698 0.795826 0.047377 0.033841
0 0.712916 0.811619 0.038353 0.030457
0 0.319233 0.958545 0.046249 0.047941
0 0.308799 0.868584 0.055838 0.057530
0 0.378455 0.788212 0.049633 0.056966
0 0.208686 0.895093 0.045121 0.045121
0 0.157642 0.827411 0.041173 0.064298
0 0.189509 0.765933 0.041737 0.050761
0 0.235759 0.797518 0.056402 0.076706
0 0.273266 0.717428 0.040045 0.057530
0 0.231810 0.688381 0.048505 0.049069
0 0.133954 0.737169 0.047941 0.059786
0 0.179075 0.654540 0.049069 0.050197
0 0.126058 0.654822 0.029893 0.034969
0 0.100959 0.718274 0.020305 0.040045
0 0.203892 0.724478 0.047941 0.032149
