0 0.199098 0.140440 0.091371 0.094755
0 0.260293 0.168077 0.063734 0.074450
0 0.330795 0.199098 0.102087 0.095883
0 0.407219 0.088268 0.112803 0.116751
0 0.500282 0.121263 0.063170 0.097011
0 0.332205 0.120135 0.049633 0.048505
0 0.206712 0.250705 0.041173 0.049069
0 0.496616 0.347716 0.119007 0.111111
0 0.693175 0.334461 0.090243 0.080090
0 0.701636 0.407783 0.059786 0.064298
0 0.687535 0.494078 0.083474 0.074450
0 0.619007 0.434574 0.045685 0.050197
0 0.236605 0.507050 0.065990 0.054146
0 0.212634 0.583756 0.109419 0.091371
0 0.282290 0.525663 0.056966 0.063170
0 0.319797 0.564862 0.040609 0.031021
0 0.492950 0.662719 0.072194 0.064298
0 0.672589 0.648336 0.059222 0.047941
0 0.672589 0.709532 0.084038 0.081218
