0 0.226170 0.092499 0.036097 0.038353 
0 0.293570 0.103779 0.049069 0.056402 
0 0.502256 0.163847 0.085166 0.076142 
0 0.647772 0.168641 0.086294 0.047377 
0 0.668077 0.218556 0.107727 0.107727 
0 0.855048 0.316977 0.046249 0.050761 
0 0.550761 0.297800 0.150592 0.138748 
0 0.680767 0.371968 0.099267 0.106599 
0 0.644670 0.318669 0.060914 0.039481 
0 0.489002 0.440496 0.113931 0.108291 
0 0.599831 0.575014 0.081782 0.076142 
0 0.416244 0.421320 0.060914 0.092499 
0 0.393683 0.366046 0.113931 0.075578 
0 0.325155 0.220248 0.096447 0.084038 
0 0.260575 0.355048 0.055274 0.062606 
0 0.820925 0.395093 0.045685 0.050197 
0 0.496898 0.683305 0.056402 0.072758 
0 0.421320 0.703892 0.054146 0.046249 
0 0.365200 0.694867 0.068246 0.062042 
0 0.294416 0.723068 0.047377 0.054146 
0 0.409475 0.766779 0.093627 0.076142 
0 0.485618 0.807953 0.071066 0.076142 
0 0.172589 0.948393 0.048505 0.046813 
0 0.482516 0.628032 0.052453 0.038917 
0 0.546531 0.614213 0.055274 0.041737 
