0 0.093909 0.055556 0.062606 0.068246 
0 0.042865 0.193175 0.050761 0.051325 
0 0.072194 0.358150 0.050761 0.051889 
0 0.031021 0.386633 0.060914 0.069374 
0 0.331359 0.144106 0.043429 0.047941 
0 0.299492 0.197124 0.040609 0.050197 
0 0.250423 0.121545 0.037225 0.036661 
0 0.512972 0.233503 0.126904 0.116187 
0 0.429780 0.302876 0.093627 0.103779 
0 0.581782 0.317823 0.080654 0.104343 
0 0.642414 0.330795 0.053017 0.100959 
0 0.620981 0.404963 0.059786 0.040609 
0 0.569656 0.369148 0.066554 0.042301 
0 0.491258 0.453469 0.110547 0.106035 
0 0.408065 0.450085 0.051325 0.081218 
0 0.446136 0.509588 0.043993 0.035533 
0 0.544557 0.580372 0.068246 0.058658 
0 0.664975 0.577270 0.087986 0.094191 
0 0.783982 0.255499 0.038353 0.047377 
0 0.834461 0.368584 0.073886 0.053582 
0 0.882403 0.494642 0.043429 0.050761 
0 0.931190 0.444726 0.039481 0.056966 
0 0.431472 0.624083 0.045121 0.042301 
0 0.475747 0.688099 0.059222 0.075578 
0 0.617597 0.730682 0.049633 0.056966 
0 0.321207 0.688663 0.044557 0.053017 
0 0.253525 0.517484 0.068246 0.059222 
0 0.202764 0.530457 0.042301 0.044557 
0 0.228990 0.576706 0.058658 0.047941 
0 0.166667 0.575296 0.065990 0.056402 
0 0.099549 0.543429 0.049069 0.053582 
0 0.192047 0.483644 0.049069 0.028765 
0 0.153976 0.845460 0.100395 0.085730 
0 0.163001 0.946136 0.064298 0.082910 
0 0.056966 0.964185 0.101523 0.065990 
0 0.038917 0.889171 0.073322 0.085166 
0 0.615905 0.209250 0.046249 0.050761 
0 0.564862 0.102369 0.052453 0.038917 
0 0.423576 0.095601 0.030457 0.027637 
0 0.653130 0.101805 0.030457 0.034405 
0 0.685279 0.050479 0.047377 0.054710 
0 0.639594 0.035251 0.032713 0.033277 
0 0.987874 0.383531 0.023125 0.049633 
0 0.247603 0.170051 0.031585 0.034405 
