0 0.065990 0.173435 0.037225 0.043429 
0 0.133390 0.020305 0.042301 0.033841 
0 0.184715 0.018613 0.045685 0.036097 
0 0.365482 0.011280 0.032713 0.021433 
0 0.452059 0.012126 0.036661 0.020869 
0 0.410603 0.044839 0.027073 0.028765 
0 0.436266 0.074450 0.025381 0.028201 
0 0.457699 0.039763 0.027637 0.029893 
0 0.596729 0.025663 0.023689 0.029893 
0 0.653694 0.124929 0.029329 0.032149 
0 0.563452 0.168359 0.041737 0.037789 
0 0.748167 0.152002 0.020869 0.021997 
0 0.736887 0.194867 0.015228 0.015228 
0 0.565990 0.014382 0.018613 0.023125 
0 0.563170 0.038353 0.014100 0.016920 
0 0.583474 0.055838 0.021997 0.028201 
0 0.622391 0.185843 0.041173 0.026509 
0 0.672307 0.226170 0.036097 0.039481 
0 0.677101 0.274676 0.024253 0.039481 
0 0.723914 0.284828 0.026509 0.027073 
0 0.772702 0.294134 0.023689 0.032149 
0 0.758319 0.338409 0.025381 0.031585 
0 0.625212 0.332487 0.035533 0.051325 
0 0.576988 0.242809 0.034969 0.042301 
0 0.531021 0.274112 0.034405 0.042865 
0 0.478567 0.360688 0.067118 0.068246 
0 0.431190 0.322899 0.061478 0.047941 
0 0.943316 0.338691 0.026509 0.023125 
0 0.604343 0.396221 0.076142 0.068246 
0 0.618725 0.518049 0.051889 0.055838 
0 0.596729 0.590525 0.068810 0.067682 
0 0.482798 0.541173 0.071066 0.082910 
0 0.358150 0.484490 0.064298 0.063170 
0 0.378173 0.626904 0.049069 0.071630 
0 0.600677 0.682459 0.024817 0.028201 
0 0.425832 0.913988 0.033841 0.042301 
