0 0.128596 0.018331 0.062042 0.031021
0 0.152284 0.086576 0.045121 0.046813
0 0.436830 0.141004 0.052453 0.057530
0 0.643824 0.119571 0.077270 0.090243
0 0.850254 0.069374 0.129160 0.112803
0 0.932600 0.263959 0.064862 0.049633
0 0.581218 0.281444 0.062606 0.084602
0 0.419346 0.197970 0.051325 0.046249
0 0.362380 0.259165 0.043429 0.049069
0 0.259165 0.385505 0.123519 0.096447
0 0.454597 0.360688 0.038353 0.033277
0 0.576424 0.451777 0.112803 0.095883
0 0.316977 0.604061 0.077834 0.100395
0 0.100113 0.670333 0.056966 0.046813
0 0.443880 0.677947 0.075578 0.087986
0 0.396221 0.712916 0.058094 0.051889
0 0.390863 0.876763 0.069938 0.102087
0 0.555838 0.854484 0.091935 0.108291
0 0.730118 0.824027 0.095319 0.081218
0 0.627468 0.985900 0.084038 0.028201
0 0.531867 0.108009 0.046249 0.060350
0 0.373942 0.015792 0.050761 0.030457
0 0.251551 0.064016 0.041737 0.037789
