0 0.144106 0.144670 0.044557 0.045685
0 0.224196 0.163565 0.037789 0.034969
0 0.209532 0.149746 0.040045 0.021997
0 0.118161 0.216018 0.034405 0.029329
0 0.141286 0.243937 0.035533 0.026509
0 0.029611 0.276086 0.024253 0.021997
0 0.028483 0.333615 0.028765 0.021997
0 0.025945 0.360688 0.030457 0.009588
0 0.253243 0.239425 0.040609 0.024253
0 0.193739 0.353920 0.024253 0.027637
0 0.167231 0.328257 0.025381 0.022561
0 0.122391 0.327693 0.025945 0.024817
0 0.138184 0.404117 0.024817 0.019741
0 0.366892 0.176255 0.027637 0.027637
0 0.437676 0.183305 0.023689 0.022561
0 0.447265 0.281444 0.054146 0.059786
0 0.506204 0.334179 0.069374 0.061478
0 0.410321 0.331359 0.049069 0.042301
0 0.370558 0.401579 0.053017 0.046249
0 0.324309 0.418218 0.036097 0.037789
0 0.366046 0.468133 0.058658 0.053017
0 0.323745 0.467287 0.025945 0.032149
0 0.278060 0.461083 0.043993 0.042301
0 0.258037 0.427524 0.047941 0.033841
0 0.209532 0.417654 0.032149 0.028765
0 0.180203 0.418218 0.024253 0.020869
0 0.162437 0.467287 0.037225 0.029893
0 0.305697 0.533559 0.047377 0.032713
0 0.496052 0.501128 0.061478 0.065990
0 0.393119 0.045403 0.032713 0.033277
0 0.475465 0.014382 0.027073 0.020869
0 0.552171 0.012408 0.038353 0.023689
0 0.602369 0.047659 0.034969 0.038917
0 0.648336 0.066554 0.024253 0.016920
0 0.689791 0.073604 0.031585 0.031021
0 0.580936 0.108291 0.036097 0.033841
0 0.538635 0.102933 0.030457 0.028765
0 0.518895 0.181331 0.028201 0.028765
0 0.747321 0.469543 0.040609 0.047941
0 0.800902 0.519459 0.053017 0.046249
0 0.956571 0.571066 0.062042 0.054710
0 0.815567 0.613931 0.054146 0.040045
0 0.777778 0.578116 0.034969 0.032713
0 0.760575 0.620135 0.045685 0.044557
0 0.806261 0.686689 0.049069 0.047941
0 0.652848 0.660462 0.056966 0.064298
0 0.697688 0.518895 0.047377 0.043993
0 0.510716 0.605471 0.053582 0.041173
0 0.313029 0.615059 0.040609 0.036661
0 0.379019 0.633390 0.034969 0.032713
0 0.424986 0.624647 0.033277 0.029893
0 0.379583 0.757755 0.036097 0.037789
0 0.307389 0.730400 0.019177 0.021433
0 0.127468 0.760293 0.032713 0.028201
0 0.129442 0.800902 0.029893 0.028201
0 0.168641 0.842640 0.029329 0.028201
0 0.200226 0.989002 0.034969 0.021997
0 0.380993 0.858150 0.032149 0.028765
0 0.744783 0.762831 0.046813 0.033277
0 0.941906 0.616751 0.034969 0.025381
0 0.209532 0.593909 0.033277 0.027073
0 0.104907 0.725042 0.042865 0.040045
0 0.108573 0.639876 0.024253 0.027637
0 0.206430 0.473773 0.036097 0.031585
0 0.090525 0.787930 0.027637 0.030457
0 0.092499 0.609983 0.028201 0.024253
0 0.068810 0.649746 0.036097 0.020305
0 0.067682 0.697970 0.034969 0.023125
0 0.060350 0.682741 0.030457 0.015228
