0 0.273266 0.129160 0.041173 0.065426 
0 0.448393 0.142414 0.042865 0.054710 
0 0.489284 0.142696 0.033277 0.040609 
0 0.771856 0.019741 0.076142 0.038353 
0 0.840384 0.015792 0.056402 0.028201 
0 0.850818 0.061478 0.045685 0.049633 
0 0.880147 0.088268 0.050197 0.055838 
0 0.946983 0.152848 0.060914 0.072194 
0 0.131416 0.200226 0.040609 0.049633 
0 0.239989 0.258319 0.033277 0.041737 
0 0.280316 0.264241 0.032713 0.040045 
0 0.486746 0.416808 0.050761 0.051889 
0 0.572194 0.399605 0.040045 0.042301 
0 0.625212 0.374224 0.035533 0.031021 
0 0.623519 0.457981 0.063734 0.082346 
0 0.534405 0.472363 0.069374 0.069374 
0 0.811901 0.551043 0.112239 0.095883 
0 0.953751 0.603779 0.081218 0.067118 
0 0.772138 0.754653 0.146644 0.175973 
0 0.509306 0.759447 0.066554 0.075014 
0 0.157642 0.803158 0.077270 0.075578 
0 0.108855 0.846588 0.023689 0.028201 
0 0.086576 0.822335 0.023125 0.024817 
0 0.766215 0.970953 0.080654 0.055838 
0 0.881557 0.974337 0.065426 0.040045 
