0 0.306543 0.338691 0.072758 0.063734
0 0.107727 0.471235 0.057530 0.052453
0 0.109983 0.577270 0.082346 0.091935
0 0.389171 0.578962 0.065426 0.072758
0 0.451495 0.360970 0.090807 0.084602
0 0.465595 0.299774 0.065990 0.054710
0 0.536379 0.291314 0.045121 0.064862
0 0.608009 0.290750 0.113931 0.119007
0 0.709814 0.274958 0.076142 0.071630
0 0.779470 0.325719 0.090243 0.084038
0 0.736323 0.609701 0.082910 0.066554
0 0.848844 0.648618 0.090243 0.097011
0 0.616187 0.642978 0.099831 0.094755
0 0.676819 0.715172 0.060914 0.056402
0 0.740271 0.750423 0.076142 0.068246
0 0.835589 0.395093 0.033277 0.024253
