0 0.164975 0.095037 0.024253 0.023125 
0 0.158770 0.122109 0.021997 0.026509 
0 0.206148 0.033277 0.026509 0.029329 
0 0.260857 0.038917 0.034405 0.034969 
0 0.286520 0.073604 0.025945 0.026509 
0 0.336153 0.043711 0.036097 0.035533 
0 0.374224 0.146362 0.037789 0.042301 
0 0.586294 0.143824 0.029893 0.037225 
0 0.604343 0.201072 0.036661 0.036661 
0 0.641850 0.048787 0.031585 0.033277 
0 0.683305 0.072194 0.032149 0.032713 
0 0.684997 0.113931 0.031021 0.031585 
0 0.661027 0.140440 0.036097 0.033841 
0 0.393965 0.332205 0.026509 0.036097 
0 0.768472 0.289340 0.047941 0.048505 
0 0.705302 0.308517 0.060350 0.056402 
0 0.772702 0.358432 0.062042 0.050197 
0 0.709250 0.424140 0.046813 0.040609 
0 0.681331 0.518331 0.046249 0.045121 
0 0.620135 0.456289 0.035533 0.033841 
0 0.333051 0.694867 0.040045 0.037225 
0 0.353356 0.755781 0.035533 0.033841 
0 0.317823 0.748449 0.031021 0.043993 
0 0.382685 0.726170 0.036661 0.034405 
0 0.393401 0.695713 0.052453 0.027637 
0 0.215736 0.983644 0.029893 0.024817 
