0 0.707276 0.011280 0.030457 0.015792
0 0.949239 0.217710 0.046249 0.059786
0 0.986464 0.295262 0.027073 0.040045
0 0.646080 0.399887 0.026509 0.030457
0 0.623237 0.360688 0.023689 0.020869
0 0.593909 0.351946 0.023689 0.027073
0 0.515510 0.287084 0.071066 0.090243
0 0.565426 0.312747 0.035533 0.036661
0 0.496898 0.350818 0.049633 0.059786
0 0.467851 0.364354 0.044557 0.041737
0 0.389453 0.468415 0.032149 0.033277
0 0.133672 0.237169 0.029329 0.035533
0 0.376763 0.188099 0.048505 0.047941
0 0.099549 0.076706 0.027637 0.029329
0 0.429780 0.668923 0.066554 0.073322
0 0.441906 0.699380 0.029893 0.028201
0 0.493232 0.690355 0.045685 0.058658
0 0.535533 0.696277 0.027637 0.040045
0 0.558658 0.774394 0.052453 0.048505
0 0.523125 0.755499 0.027637 0.029893
0 0.981669 0.694021 0.036661 0.036661
0 0.246193 0.835307 0.053582 0.048505
0 0.229272 0.867456 0.036661 0.030457
0 0.195149 0.873378 0.029329 0.028765
0 0.146926 0.894811 0.046813 0.033277
0 0.975747 0.078680 0.030457 0.036661
