0 0.101805 0.103497 0.042301 0.042301
0 0.148054 0.200508 0.069374 0.061478
0 0.161309 0.344332 0.047377 0.045685
0 0.012126 0.296954 0.019741 0.051325
0 0.235477 0.341794 0.108855 0.107163
0 0.340948 0.322053 0.082910 0.082346
0 0.526509 0.265087 0.080654 0.092499
0 0.444726 0.310209 0.075014 0.076706
0 0.488720 0.418500 0.032149 0.030457
0 0.334179 0.409193 0.093063 0.073886
0 0.413142 0.508742 0.087422 0.101523
0 0.360124 0.488438 0.038917 0.043993
0 0.635082 0.476311 0.097011 0.104343
0 0.547095 0.559504 0.036097 0.047377
0 0.614213 0.588832 0.046249 0.034969
0 0.735759 0.033277 0.055838 0.049633
0 0.794980 0.094191 0.054710 0.050761
0 0.692329 0.166949 0.052453 0.034969
0 0.674845 0.128032 0.054710 0.039481
0 0.703610 0.194867 0.043429 0.026509
0 0.816131 0.889453 0.048505 0.055274
0 0.756063 0.810491 0.043429 0.036097
