0 0.028765 0.023125 0.047377 0.040609
0 0.115905 0.065426 0.050197 0.058658
0 0.084320 0.119853 0.034405 0.036661
0 0.160745 0.104061 0.033841 0.037789
0 0.179075 0.125776 0.024253 0.028201
0 0.243373 0.111393 0.040045 0.042301
0 0.281162 0.099831 0.029893 0.036097
0 0.316695 0.060632 0.031021 0.037789
0 0.328821 0.100959 0.036097 0.038353
0 0.342640 0.194303 0.046813 0.042301
0 0.420192 0.200226 0.067682 0.076706
0 0.470389 0.183587 0.043993 0.067118
0 0.403271 0.252397 0.047377 0.056966
0 0.343486 0.344332 0.066554 0.060350
0 0.439368 0.391145 0.045121 0.051325
0 0.500846 0.404399 0.038353 0.054146
0 0.617879 0.296108 0.056966 0.068810
0 0.737169 0.385505 0.025945 0.037789
0 0.772984 0.510152 0.036661 0.037789
0 0.781162 0.653412 0.057530 0.061478
0 0.724760 0.658206 0.058658 0.071066
0 0.671743 0.669769 0.050761 0.045685
0 0.607727 0.705020 0.052453 0.048505
0 0.487592 0.663283 0.049069 0.048505
0 0.505922 0.645234 0.053017 0.041737
0 0.549633 0.821207 0.046813 0.056402
0 0.555556 0.772420 0.055274 0.035533
0 0.120135 0.750141 0.049633 0.056402
0 0.444444 0.959109 0.049633 0.052453
0 0.822899 0.492950 0.038353 0.036097
