0 0.301184 0.040891 0.129724 0.076142 
0 0.787366 0.226170 0.224478 0.181613 
0 0.667513 0.389453 0.151720 0.131416 
0 0.391145 0.629442 0.103215 0.074450 
0 0.278342 0.339820 0.131416 0.156232 
0 0.233503 0.445854 0.099267 0.097575 
0 0.078398 0.132262 0.069938 0.061478 
0 0.036943 0.207840 0.072758 0.108855 
0 0.076988 0.220248 0.073886 0.063734 
0 0.085730 0.186125 0.074450 0.063170 
0 0.143542 0.316131 0.049069 0.047941 
0 0.276650 0.340384 0.131416 0.156232 
0 0.018895 0.354484 0.032149 0.061478 
0 0.047941 0.357304 0.055274 0.072758 
0 0.068246 0.299492 0.056402 0.048505 
0 0.019459 0.414552 0.036661 0.063170 
0 0.272420 0.793570 0.066554 0.076706 
0 0.234631 0.752679 0.039481 0.033277 
0 0.152566 0.684433 0.036661 0.036661 
0 0.012972 0.514946 0.021433 0.042865 
0 0.960801 0.232092 0.072758 0.158488 
