0 0.024817 0.318387 0.046249 0.061478
0 0.122109 0.398477 0.055838 0.046813
0 0.035251 0.483080 0.045685 0.049069
0 0.412014 0.254935 0.123519 0.104907
0 0.505922 0.349690 0.101523 0.098139
0 0.374224 0.369148 0.087422 0.079526
0 0.648900 0.306261 0.144952 0.124083
0 0.775804 0.320079 0.100959 0.093063
0 0.701354 0.398759 0.079526 0.056402
0 0.560350 0.439650 0.089679 0.096447
0 0.594755 0.655950 0.069374 0.071066
0 0.586012 0.699662 0.051889 0.047941
0 0.696277 0.643260 0.035533 0.052453
0 0.484490 0.666949 0.083474 0.099831
0 0.513818 0.711224 0.049633 0.064298
0 0.428370 0.667513 0.024253 0.064862
