0 0.337563 0.039481 0.028765 0.028201
0 0.287648 0.032995 0.023689 0.029893
0 0.371404 0.087140 0.025381 0.029893
0 0.289058 0.118443 0.029893 0.034969
0 0.310491 0.110265 0.023125 0.043429
0 0.245911 0.121827 0.046249 0.033841
0 0.255217 0.169487 0.028765 0.026509
0 0.236887 0.185843 0.020305 0.025381
0 0.208968 0.158770 0.037789 0.040045
0 0.574450 0.209532 0.063734 0.072758
0 0.619571 0.151438 0.059222 0.093063
0 0.666103 0.142696 0.076706 0.095883
0 0.727298 0.037507 0.036661 0.042301
0 0.684433 0.045967 0.040045 0.028765
0 0.686971 0.069092 0.030457 0.020869
0 0.681049 0.017766 0.036661 0.027637
0 0.627750 0.291314 0.032713 0.035533
0 0.544839 0.254371 0.036097 0.076706
0 0.493514 0.287930 0.055274 0.072758
0 0.227580 0.307107 0.026509 0.040045
0 0.254089 0.313875 0.023125 0.040045
0 0.189227 0.351100 0.050197 0.054710
0 0.205866 0.394247 0.037225 0.033841
0 0.234349 0.450085 0.045685 0.053017
0 0.202764 0.289904 0.044557 0.048505
0 0.133390 0.336999 0.046813 0.052453
0 0.084884 0.285392 0.053582 0.066554
0 0.146080 0.274958 0.038353 0.044557
0 0.858996 0.421320 0.054146 0.058658
0 0.946983 0.497462 0.054146 0.053017
0 0.901297 0.536943 0.049633 0.032713
0 0.826001 0.523407 0.051325 0.039481
0 0.805133 0.500846 0.046813 0.027073
0 0.805979 0.454597 0.055274 0.047377
0 0.751551 0.523689 0.038917 0.038917
0 0.681331 0.462775 0.054146 0.055838
0 0.624647 0.458263 0.040045 0.040045
0 0.644106 0.494642 0.042865 0.037225
0 0.644670 0.566836 0.054146 0.048505
0 0.671743 0.647208 0.058658 0.072758
0 0.601805 0.697688 0.041737 0.043993
0 0.605471 0.657078 0.047941 0.043993
0 0.624083 0.642978 0.035533 0.039481
0 0.512690 0.670333 0.066554 0.059222
0 0.554428 0.801748 0.028201 0.038917
0 0.509024 0.826565 0.033277 0.044557
0 0.833897 0.682459 0.094191 0.113931
0 0.958827 0.666385 0.042865 0.053582
0 0.772138 0.701918 0.085730 0.125776
0 0.622109 0.257755 0.032713 0.024817
