0 0.185843 0.091935 0.076142 0.084602 
0 0.122673 0.119571 0.062606 0.067682 
0 0.118443 0.205866 0.056402 0.072194 
0 0.187535 0.219120 0.071630 0.072758 
0 0.284828 0.159334 0.064298 0.071630 
0 0.210378 0.150310 0.059786 0.050197 
0 0.367174 0.076424 0.040609 0.049069 
0 0.353356 0.098421 0.058094 0.050197 
0 0.530175 0.324027 0.112803 0.122391 
0 0.316695 0.270446 0.046813 0.053582 
0 0.445854 0.455725 0.086294 0.071066 
0 0.472363 0.540327 0.100959 0.098139 
0 0.604061 0.523971 0.103779 0.107163 
0 0.710096 0.541455 0.090243 0.095883 
0 0.684997 0.435138 0.071630 0.069374 
0 0.600959 0.738861 0.082910 0.086858 
0 0.503666 0.750423 0.066554 0.081782 
0 0.869994 0.242809 0.035533 0.037789 
