0 0.180485 0.062324 0.030457 0.028765
0 0.080090 0.086858 0.024817 0.023689
0 0.722222 0.335589 0.027637 0.036097
0 0.079244 0.346870 0.021997 0.024817
0 0.051325 0.345178 0.024817 0.029329
0 0.117597 0.428934 0.041173 0.035533
0 0.124647 0.481669 0.034969 0.030457
0 0.105189 0.461083 0.025381 0.020869
0 0.062324 0.503948 0.047941 0.040045
0 0.305133 0.451777 0.056402 0.043993
0 0.444162 0.418782 0.052453 0.053582
0 0.485618 0.484490 0.055274 0.049633
0 0.476029 0.536943 0.055274 0.046249
0 0.325155 0.527637 0.060350 0.061478
0 0.398477 0.511280 0.047941 0.043429
0 0.297800 0.597857 0.041737 0.031585
0 0.373660 0.612239 0.052453 0.054710
0 0.694867 0.600959 0.066554 0.064862
0 0.646926 0.661027 0.056402 0.055274
0 0.532713 0.723068 0.073886 0.078962
0 0.462493 0.719684 0.059786 0.057530
0 0.688663 0.781162 0.064298 0.058658
0 0.754653 0.788212 0.054146 0.056966
0 0.956571 0.747321 0.067682 0.083474
0 0.987028 0.685843 0.024817 0.064298
0 0.446983 0.866328 0.069374 0.064298
0 0.191765 0.967005 0.072194 0.050197
0 0.046249 0.825155 0.060914 0.050761
0 0.206430 0.918218 0.047377 0.042865
