0 0.005922 0.012408 0.008460 0.006768
0 0.012408 0.024817 0.011280 0.011280
0 0.021151 0.084884 0.014100 0.014100
0 0.018331 0.101523 0.008460 0.013536
0 0.094191 0.146926 0.013536 0.012972
0 0.079808 0.142414 0.011844 0.014100
0 0.077270 0.173153 0.015792 0.011280
0 0.065426 0.162155 0.010152 0.014100
0 0.061478 0.176255 0.015792 0.015228
0 0.107163 0.158770 0.010152 0.011844
0 0.073886 0.019177 0.012408 0.012408
0 0.077552 0.003948 0.015228 0.004512
0 0.102933 0.012126 0.008460 0.010716
0 0.116751 0.023407 0.012408 0.011844
0 0.091935 0.031867 0.013536 0.012972
0 0.089397 0.013254 0.012972 0.010716
0 0.061760 0.026509 0.008460 0.013536
0 0.068810 0.035815 0.015792 0.012972
0 0.068528 0.052453 0.012972 0.012408
0 0.114495 0.071348 0.013536 0.015228
0 0.123519 0.085448 0.016920 0.012972
0 0.172025 0.087704 0.016920 0.009588
0 0.177947 0.105753 0.016356 0.014100
0 0.214608 0.146926 0.010716 0.012972
0 0.233221 0.157360 0.011844 0.014664
0 0.208686 0.152566 0.007896 0.014100
0 0.220248 0.129724 0.014100 0.014664
0 0.259165 0.137902 0.016356 0.014100
0 0.246193 0.141004 0.010716 0.013536
0 0.247039 0.122673 0.012408 0.015228
0 0.238579 0.124929 0.010152 0.012972
0 0.288494 0.140158 0.012972 0.014100
0 0.278624 0.121545 0.011280 0.016356
0 0.286802 0.119007 0.011844 0.013536
0 0.261985 0.112239 0.018613 0.016920
0 0.263113 0.113367 0.018613 0.016920
0 0.245629 0.091653 0.012972 0.014100
0 0.230964 0.082346 0.019741 0.018049
0 0.266215 0.090807 0.015792 0.010152
0 0.274394 0.074450 0.014100 0.014664
0 0.266779 0.064580 0.012408 0.009588
0 0.252115 0.063734 0.020305 0.019177
0 0.199380 0.020023 0.015228 0.011844
0 0.189791 0.006204 0.017484 0.011280
0 0.294980 0.004512 0.014664 0.007896
0 0.291878 0.014100 0.016356 0.011280
0 0.306825 0.011280 0.013536 0.006768
0 0.332205 0.047095 0.011280 0.012972
0 0.349972 0.048787 0.012972 0.006204
0 0.384095 0.008178 0.018049 0.014100
0 0.413142 0.016638 0.010716 0.011844
0 0.372250 0.014946 0.012408 0.009588
0 0.370840 0.024535 0.012972 0.010716
0 0.393119 0.033277 0.015792 0.015792
0 0.419346 0.064016 0.018613 0.015228
0 0.412860 0.087422 0.016920 0.015792
0 0.383531 0.059222 0.016920 0.016920
0 0.364636 0.036661 0.015228 0.015792
0 0.396503 0.059222 0.010152 0.012408
0 0.392555 0.079808 0.019177 0.020869
0 0.369994 0.079526 0.014664 0.014664
0 0.375635 0.096729 0.019177 0.019741
0 0.360124 0.087140 0.014100 0.021997
0 0.355330 0.120699 0.012408 0.015792
0 0.340384 0.119007 0.017484 0.014664
0 0.330795 0.129724 0.016356 0.012408
0 0.467005 0.104061 0.015792 0.012972
0 0.536379 0.078962 0.016920 0.014664
0 0.589961 0.050197 0.022561 0.023689
0 0.617879 0.047095 0.020869 0.019741
0 0.620981 0.025663 0.022561 0.023125
0 0.593063 0.018895 0.019741 0.020869
0 0.553582 0.010434 0.023125 0.019741
0 0.533841 0.012126 0.017484 0.016356
0 0.701072 0.027637 0.025945 0.024817
0 0.719966 0.048505 0.026509 0.022561
0 0.735195 0.071066 0.017484 0.014664
0 0.754089 0.054992 0.023689 0.020869
0 0.727298 0.019741 0.024253 0.022561
0 0.708404 0.012972 0.012408 0.015792
0 0.769600 0.033841 0.018613 0.019177
0 0.794134 0.043711 0.018049 0.015228
0 0.796108 0.028765 0.020869 0.016920
0 0.821207 0.009306 0.020305 0.016356
0 0.849126 0.046813 0.019741 0.019177
0 0.880993 0.024253 0.014664 0.012408
0 0.905809 0.013254 0.021433 0.020869
0 0.932036 0.025945 0.020869 0.019177
0 0.926114 0.006768 0.020305 0.012408
0 0.891709 0.009870 0.012408 0.012972
0 0.949803 0.018049 0.016920 0.020305
0 0.989566 0.055274 0.017484 0.013536
0 0.989284 0.073604 0.015792 0.016356
0 0.973491 0.087422 0.014664 0.020305
0 0.947829 0.072758 0.016356 0.018049
0 0.946418 0.086858 0.016920 0.015792
0 0.928088 0.085166 0.009588 0.013536
0 0.918782 0.091371 0.012408 0.014664
0 0.985618 0.151720 0.020869 0.021433
0 0.991540 0.135082 0.014664 0.016356
0 0.968133 0.205302 0.020869 0.021433
0 0.926678 0.199662 0.012408 0.015792
0 0.920474 0.178793 0.014664 0.016920
0 0.951777 0.171743 0.026509 0.020869
0 0.961083 0.161027 0.018049 0.017484
0 0.879865 0.132262 0.013536 0.017484
0 0.776368 0.173717 0.023125 0.024817
0 0.750705 0.136492 0.020305 0.021433
0 0.730400 0.160745 0.023689 0.021433
0 0.688381 0.196842 0.017484 0.019177
0 0.714326 0.212634 0.015228 0.020305
0 0.767908 0.265651 0.021997 0.022561
0 0.805415 0.305979 0.020305 0.017484
0 0.721940 0.128314 0.024817 0.019741
0 0.695713 0.144388 0.021997 0.025945
0 0.543147 0.256063 0.013536 0.020305
0 0.533277 0.260293 0.015228 0.019741
0 0.517202 0.243373 0.014664 0.017484
0 0.529611 0.297518 0.015792 0.017484
0 0.512408 0.284546 0.019741 0.014100
0 0.500846 0.251833 0.024817 0.025381
0 0.491258 0.215172 0.016920 0.015228
0 0.477721 0.251269 0.016920 0.016356
0 0.481105 0.268472 0.014664 0.013536
0 0.477157 0.282854 0.019177 0.017484
0 0.380429 0.233503 0.014100 0.014664
0 0.377891 0.252397 0.019177 0.017484
0 0.364072 0.232657 0.016356 0.015228
0 0.341794 0.241681 0.021433 0.019741
0 0.348844 0.259729 0.019741 0.016356
0 0.367174 0.278342 0.018049 0.017484
0 0.399605 0.300056 0.012972 0.010152
0 0.391709 0.310209 0.016356 0.013536
0 0.377327 0.311055 0.012408 0.012972
0 0.331359 0.265087 0.018613 0.019177
0 0.122955 0.212634 0.015792 0.012408
0 0.139876 0.220530 0.020305 0.013536
0 0.108855 0.226170 0.015792 0.014664
0 0.122109 0.241963 0.012972 0.015792
0 0.102651 0.245065 0.013536 0.016356
0 0.158770 0.257473 0.020869 0.016356
0 0.193175 0.266497 0.017484 0.015228
0 0.189227 0.253525 0.019741 0.009588
0 0.168077 0.247603 0.013536 0.010152
0 0.193175 0.266497 0.017484 0.015228
0 0.151156 0.252115 0.016920 0.016920
0 0.142414 0.268190 0.015228 0.014100
0 0.155668 0.277496 0.014664 0.015792
0 0.177101 0.280598 0.022561 0.020869
0 0.159334 0.299492 0.026509 0.020305
0 0.141004 0.285956 0.016920 0.020305
0 0.233221 0.301466 0.016356 0.015228
0 0.249013 0.339255 0.027637 0.017484
0 0.274958 0.355048 0.027637 0.021997
0 0.290468 0.349408 0.025945 0.020869
0 0.309927 0.378173 0.015228 0.019741
0 0.223068 0.358996 0.031021 0.026509
0 0.259165 0.388325 0.021997 0.023125
0 0.232657 0.388325 0.026509 0.025381
0 0.201354 0.378173 0.024817 0.023125
0 0.214608 0.399887 0.021997 0.020305
0 0.245629 0.426678 0.025381 0.018613
0 0.264805 0.415116 0.012972 0.019177
0 0.292724 0.409475 0.022561 0.019177
0 0.283982 0.433446 0.021997 0.017484
0 0.259729 0.457981 0.023125 0.016920
0 0.256909 0.440778 0.016356 0.010716
0 0.331077 0.425268 0.021433 0.019177
0 0.333333 0.443598 0.020305 0.015228
0 0.350254 0.404117 0.021433 0.017484
0 0.569374 0.359278 0.019741 0.015792
0 0.575860 0.379583 0.018049 0.015792
0 0.556684 0.385787 0.013536 0.018049
0 0.581782 0.399041 0.014100 0.014100
0 0.603779 0.393683 0.016356 0.015792
0 0.959391 0.348280 0.018049 0.018613
0 0.973773 0.365200 0.018613 0.026509
0 0.986746 0.401015 0.019741 0.019177
0 0.917936 0.389171 0.025381 0.016920
0 0.961647 0.404681 0.022561 0.024253
0 0.963903 0.420474 0.020305 0.014100
0 0.922448 0.411168 0.028765 0.024817
0 0.886351 0.398195 0.028765 0.023689
0 0.893683 0.419910 0.024253 0.015228
0 0.905809 0.432036 0.029329 0.014664
0 0.913424 0.443034 0.033277 0.016356
0 0.948675 0.438240 0.027073 0.022561
0 0.930344 0.465313 0.034405 0.030457
0 0.963903 0.476593 0.027073 0.020305
0 0.968979 0.496334 0.027073 0.022561
0 0.952341 0.523971 0.031021 0.032713
0 0.898759 0.481669 0.033277 0.033841
0 0.873378 0.455443 0.034405 0.026509
0 0.889735 0.512690 0.027637 0.028201
0 0.877327 0.576706 0.021997 0.020869
0 0.848280 0.499718 0.033841 0.029329
0 0.837281 0.536379 0.020869 0.019177
0 0.828821 0.559786 0.032149 0.024253
0 0.819233 0.540045 0.020869 0.017484
0 0.801748 0.555556 0.018613 0.021433
0 0.809081 0.853356 0.023125 0.018049
0 0.799492 0.880993 0.019741 0.020305
0 0.775522 0.891709 0.024817 0.020305
0 0.673717 0.687253 0.021997 0.019741
0 0.642978 0.700226 0.024817 0.020869
0 0.653976 0.721940 0.021997 0.020305
0 0.677383 0.797518 0.029329 0.027073
0 0.669769 0.820643 0.020869 0.012408
0 0.642132 0.780316 0.031021 0.024253
0 0.632826 0.808235 0.032713 0.030457
0 0.607163 0.796672 0.029893 0.026509
0 0.643824 0.848562 0.028765 0.025381
0 0.664693 0.862098 0.031021 0.025381
0 0.619571 0.867456 0.036661 0.025945
0 0.609137 0.833615 0.021433 0.021433
0 0.346024 0.540609 0.024253 0.019741
0 0.347716 0.516074 0.023125 0.013536
0 0.386069 0.566554 0.023125 0.025381
0 0.368302 0.567118 0.014664 0.023125
0 0.348280 0.564016 0.020869 0.020305
0 0.348562 0.586576 0.023689 0.022561
0 0.327975 0.583192 0.018613 0.020305
0 0.331923 0.601523 0.015228 0.015228
0 0.382967 0.597857 0.020305 0.025945
0 0.400733 0.594191 0.014100 0.015228
0 0.421320 0.615059 0.016920 0.017484
0 0.401297 0.608855 0.016356 0.011844
0 0.384941 0.620699 0.020869 0.021997
0 0.351100 0.622955 0.020869 0.020869
0 0.449239 0.661309 0.020869 0.027637
0 0.431472 0.691483 0.022561 0.016920
0 0.409193 0.664975 0.027637 0.024817
0 0.376199 0.648054 0.019177 0.019177
0 0.377891 0.667795 0.024817 0.019177
0 0.358432 0.659616 0.018613 0.020869
0 0.267625 0.645234 0.019741 0.019177
0 0.245347 0.642132 0.014664 0.012972
0 0.254371 0.604343 0.021433 0.015228
0 0.214608 0.562042 0.018613 0.012972
0 0.190919 0.573604 0.024253 0.025945
0 0.177383 0.554428 0.023125 0.018049
0 0.155950 0.549633 0.023125 0.020869
0 0.147208 0.529893 0.031585 0.023125
0 0.131698 0.502538 0.021997 0.016920
0 0.079808 0.517484 0.014100 0.011844
0 0.093909 0.517766 0.009588 0.011280
0 0.107445 0.527355 0.026509 0.021433
0 0.124083 0.526509 0.012408 0.016356
0 0.115341 0.549069 0.032149 0.028765
0 0.092781 0.547659 0.012972 0.009024
0 0.075296 0.536379 0.024253 0.016920
0 0.075296 0.563170 0.017484 0.016356
0 0.094755 0.572194 0.025945 0.019741
0 0.094191 0.585730 0.029329 0.012972
0 0.120699 0.613931 0.022561 0.015228
0 0.165257 0.606317 0.024817 0.021433
0 0.051889 0.612803 0.024817 0.023125
0 0.075860 0.610265 0.025381 0.025945
0 0.077270 0.639594 0.021433 0.016920
0 0.064016 0.674845 0.024253 0.019741
0 0.035533 0.600395 0.030457 0.020869
0 0.021433 0.616751 0.021433 0.024253
0 0.023125 0.650592 0.023689 0.027637
0 0.233221 0.728426 0.015228 0.016356
0 0.212352 0.747321 0.017484 0.018049
0 0.223350 0.761703 0.014664 0.016356
0 0.229272 0.773830 0.018613 0.014664
0 0.212634 0.771856 0.016920 0.015228
0 0.201072 0.768472 0.011844 0.014100
0 0.196560 0.783136 0.015228 0.012972
0 0.219120 0.799492 0.016356 0.010716
0 0.274676 0.832769 0.016920 0.011844
0 0.254089 0.852228 0.017484 0.013536
0 0.275240 0.856458 0.009024 0.007332
0 0.259447 0.868302 0.015792 0.011844
0 0.241681 0.886351 0.017484 0.010716
0 0.242245 0.871404 0.011844 0.009024
0 0.231528 0.886915 0.014100 0.011844
0 0.201072 0.836435 0.016356 0.012408
0 0.198534 0.862662 0.015792 0.011844
0 0.182177 0.852228 0.019177 0.015792
0 0.172871 0.835589 0.016356 0.011844
0 0.161591 0.852510 0.016356 0.011844
0 0.177101 0.873096 0.015792 0.013536
0 0.229836 0.926396 0.016356 0.011844
0 0.249577 0.940778 0.010716 0.011280
0 0.251833 0.957417 0.012972 0.011844
0 0.219120 0.959391 0.010716 0.010152
0 0.223350 0.944726 0.019177 0.019177
0 0.205302 0.967287 0.012408 0.015792
0 0.191765 0.942752 0.015792 0.006204
0 0.190073 0.957135 0.014664 0.013536
0 0.169487 0.949239 0.009588 0.012408
0 0.160462 0.937958 0.010716 0.015792
0 0.172871 0.934010 0.010716 0.013536
0 0.207276 0.917654 0.014100 0.013536
0 0.333333 0.990976 0.025945 0.013536
0 0.936548 0.366892 0.019741 0.017484
