0 0.417654 0.106035 0.060350 0.072194 
0 0.651438 0.387197 0.067682 0.068246 
0 0.530175 0.365764 0.116187 0.109983 
0 0.426396 0.454315 0.106035 0.144952 
0 0.583756 0.492386 0.104907 0.113931 
0 0.566272 0.572476 0.095883 0.099267 
0 0.525099 0.651438 0.099267 0.093627 
0 0.458545 0.552735 0.080090 0.073322 
0 0.321771 0.510434 0.063734 0.081218 
0 0.275240 0.433728 0.064298 0.066554 
0 0.343768 0.405245 0.065990 0.086294 
0 0.510716 0.447829 0.050197 0.072194 
0 0.446418 0.716300 0.047941 0.045121 
0 0.945290 0.818105 0.055274 0.056966 
0 0.619007 0.069374 0.045685 0.046249 
0 0.445290 0.238015 0.050197 0.056402 
0 0.330513 0.213480 0.038353 0.051325 
