0 0.078680 0.014382 0.032149 0.020869
0 0.019177 0.137902 0.032713 0.029893
0 0.011844 0.194867 0.018049 0.037789
0 0.011844 0.272138 0.020305 0.033277
0 0.285110 0.089397 0.020869 0.019741
0 0.250987 0.104907 0.013536 0.016920
0 0.277496 0.106035 0.023689 0.020305
0 0.314157 0.099267 0.023689 0.014664
0 0.323745 0.122109 0.020305 0.019741
0 0.331641 0.142132 0.015792 0.018049
0 0.439086 0.132544 0.032149 0.024817
0 0.479695 0.134800 0.029893 0.023689
0 0.491258 0.182177 0.041737 0.038353
0 0.466441 0.206712 0.020305 0.023125
0 0.439932 0.224478 0.021433 0.019177
0 0.421038 0.249859 0.021997 0.031585
0 0.454597 0.260857 0.030457 0.023125
0 0.449521 0.309927 0.033841 0.029893
0 0.441060 0.131416 0.022561 0.027073
0 0.444162 0.164129 0.023125 0.028201
0 0.542583 0.140440 0.025945 0.023689
0 0.537507 0.163283 0.022561 0.021997
0 0.596729 0.170615 0.037225 0.034405
0 0.579808 0.132262 0.050761 0.045685
0 0.705584 0.194585 0.029329 0.019177
0 0.606881 0.093909 0.034969 0.037789
0 0.567682 0.036661 0.044557 0.046249
0 0.625212 0.010152 0.038917 0.019177
0 0.584602 0.006486 0.040045 0.010716
0 0.545403 0.010998 0.032713 0.018613
0 0.812747 0.141004 0.029329 0.032713
0 0.826001 0.173717 0.027637 0.024817
0 0.793288 0.193175 0.033277 0.031021
0 0.769882 0.146644 0.031585 0.029329
0 0.782008 0.115059 0.025381 0.025945
0 0.938522 0.160745 0.023689 0.024817
0 0.983926 0.194021 0.018613 0.016920
0 0.983644 0.168641 0.025945 0.028201
0 0.977157 0.119007 0.025381 0.027073
0 0.986464 0.102651 0.016920 0.039481
0 0.800620 0.442188 0.027637 0.023689
0 0.889171 0.486464 0.021997 0.023125
0 0.983080 0.448957 0.019177 0.022561
0 0.975465 0.423294 0.021997 0.019741
0 0.916808 0.441624 0.025381 0.023689
0 0.934010 0.388607 0.024817 0.023689
0 0.950085 0.405527 0.020869 0.018049
0 0.905245 0.419064 0.023689 0.015792
0 0.911450 0.399041 0.013536 0.016356
0 0.891709 0.395939 0.023689 0.023689
0 0.875917 0.407219 0.018049 0.021433
0 0.837281 0.408347 0.019741 0.022561
0 0.813311 0.393965 0.032713 0.034405
0 0.768190 0.386069 0.022561 0.023125
0 0.804287 0.351664 0.025945 0.018613
0 0.835589 0.332205 0.035533 0.032713
0 0.877045 0.349408 0.039481 0.032149
0 0.891991 0.372250 0.026509 0.022561
0 0.414834 0.370840 0.031021 0.031021
0 0.477721 0.389735 0.034969 0.039481
0 0.383249 0.387761 0.026509 0.025381
0 0.398477 0.427806 0.035533 0.029893
0 0.425550 0.476311 0.034405 0.033277
0 0.360124 0.462775 0.047941 0.040045
0 0.375071 0.531021 0.038353 0.036661
0 0.332205 0.505640 0.039481 0.034405
0 0.325437 0.481951 0.030457 0.017484
0 0.287084 0.599549 0.040609 0.034969
0 0.353074 0.637056 0.038353 0.040045
0 0.341794 0.686407 0.036097 0.024817
0 0.327693 0.723350 0.043993 0.041173
0 0.268754 0.704456 0.042301 0.041737
0 0.249859 0.721658 0.032713 0.031021
0 0.302312 0.653694 0.048505 0.047377
0 0.170615 0.255781 0.025381 0.029893
0 0.211506 0.308517 0.029329 0.021433
0 0.177383 0.344614 0.021997 0.025945
0 0.126904 0.333051 0.015792 0.016356
0 0.140722 0.277496 0.031021 0.029329
0 0.020587 0.525099 0.033277 0.024817
0 0.014382 0.559786 0.020869 0.026509
0 0.866046 0.684433 0.047941 0.047941
0 0.831077 0.654822 0.044557 0.041737
0 0.957417 0.670897 0.060350 0.049069
0 0.967287 0.744501 0.054146 0.068810
0 0.978567 0.791596 0.037225 0.040045
0 0.905527 0.772138 0.056966 0.054146
0 0.877045 0.798646 0.054146 0.054146
0 0.898477 0.873660 0.037225 0.033841
0 0.791314 0.741681 0.000000 0.003384
0 0.895939 0.735759 0.035533 0.021997
0 0.865764 0.727016 0.040609 0.032713
0 0.927524 0.683305 0.044557 0.034405
