0 0.139030 0.035251 0.043429 0.043429
0 0.203610 0.128314 0.041737 0.040045
0 0.242245 0.089679 0.028765 0.025945
0 0.390581 0.150874 0.035533 0.044557
0 0.445008 0.184997 0.032713 0.034969
0 0.351664 0.241399 0.038917 0.039481
0 0.329103 0.264805 0.026509 0.024253
0 0.375917 0.181331 0.026509 0.027637
0 0.130852 0.406091 0.072194 0.076706
0 0.298928 0.394247 0.066554 0.073322
0 0.219402 0.428652 0.064298 0.050761
0 0.200226 0.511844 0.063170 0.050197
0 0.243373 0.581782 0.046813 0.035533
0 0.280598 0.610829 0.041173 0.046249
0 0.305979 0.698534 0.042301 0.046813
0 0.430062 0.704738 0.059222 0.061478
0 0.496334 0.597575 0.031585 0.035533
0 0.546249 0.500000 0.062606 0.065990
0 0.570784 0.669487 0.043993 0.043993
0 0.665257 0.640158 0.054710 0.051889
0 0.668359 0.500564 0.067682 0.067118
0 0.872532 0.518331 0.049633 0.043993
0 0.948111 0.499436 0.046249 0.043429
0 0.631698 0.955725 0.024817 0.027637
0 0.733785 0.950649 0.027073 0.024253
0 0.578116 0.940496 0.029329 0.031021
0 0.897631 0.675973 0.033277 0.033277
0 0.869430 0.609701 0.036661 0.047377
0 0.068246 0.189791 0.025945 0.028765
