0 0.426396 0.297800 0.080090 0.098139 
0 0.387479 0.350254 0.048505 0.063170 
0 0.388043 0.404399 0.051889 0.064298 
0 0.540045 0.333333 0.063734 0.075578 
0 0.610829 0.362662 0.056402 0.081218 
0 0.560350 0.427806 0.037789 0.054710 
0 0.477439 0.382121 0.054710 0.068246 
0 0.500846 0.288494 0.047377 0.044557 
0 0.179357 0.450649 0.023689 0.034969 
0 0.178793 0.419346 0.024817 0.024253 
0 0.645234 0.641004 0.050761 0.056966 
0 0.591935 0.596165 0.043429 0.072194 
0 0.772420 0.618161 0.050197 0.062042 
0 0.508460 0.775240 0.055838 0.054710 
0 0.464749 0.769036 0.031585 0.042301 
0 0.406091 0.785674 0.046249 0.048505 
0 0.357304 0.763113 0.045685 0.045121 
0 0.302594 0.770728 0.052453 0.069374 
0 0.274394 0.725888 0.077270 0.087986 
0 0.259729 0.797800 0.034405 0.042301 
0 0.701354 0.847716 0.038917 0.046249 
0 0.224760 0.392555 0.031021 0.029329 
