0 0.012126 0.018895 0.019741 0.029893
0 0.076142 0.116751 0.045121 0.039481
0 0.083192 0.042583 0.042301 0.032149
0 0.015510 0.060350 0.027637 0.042865
0 0.414270 0.040327 0.036661 0.033277
0 0.467569 0.034405 0.034969 0.034969
0 0.479413 0.097575 0.040609 0.036097
0 0.720248 0.108573 0.030457 0.025381
0 0.776368 0.015510 0.029893 0.025381
0 0.799492 0.043429 0.023125 0.020305
0 0.881275 0.073322 0.019741 0.025945
0 0.861252 0.132826 0.024817 0.023125
0 0.882403 0.135364 0.011844 0.024817
0 0.864636 0.070502 0.024817 0.023689
0 0.621263 0.125212 0.018613 0.021433
0 0.328257 0.239707 0.029329 0.029329
0 0.641568 0.388325 0.065990 0.073886
0 0.975465 0.457417 0.043429 0.053017
0 0.894811 0.372532 0.029893 0.032149
0 0.661873 0.477721 0.060350 0.053017
0 0.730682 0.498026 0.052453 0.053017
0 0.582064 0.491822 0.041737 0.048505
0 0.648618 0.598139 0.043993 0.049069
0 0.710096 0.674563 0.038353 0.041737
0 0.797800 0.602651 0.053582 0.046813
0 0.854202 0.630570 0.052453 0.043993
0 0.448393 0.655668 0.055274 0.053582
0 0.386351 0.545685 0.060914 0.068246
0 0.431472 0.582346 0.068810 0.062606
0 0.348844 0.558376 0.046813 0.065426
0 0.407501 0.428652 0.084038 0.101523
0 0.393119 0.348562 0.068810 0.058658
0 0.311619 0.386633 0.068246 0.063734
0 0.242527 0.474055 0.068810 0.059222
0 0.107727 0.622955 0.055274 0.045685
0 0.129724 0.387197 0.041737 0.036661
