0 0.052735 0.087140 0.036661 0.041173 
0 0.069374 0.114777 0.036097 0.038917 
0 0.014100 0.101523 0.027073 0.051889 
0 0.034687 0.125212 0.025381 0.040609 
0 0.565426 0.217428 0.027637 0.036661 
0 0.672589 0.232375 0.045685 0.059786 
0 0.734913 0.284264 0.048505 0.047377 
0 0.868020 0.168641 0.063170 0.046249 
0 0.797518 0.068246 0.054146 0.080090 
0 0.814721 0.010998 0.058094 0.016356 
0 0.980541 0.138466 0.038917 0.045685 
0 0.294416 0.394811 0.106035 0.113931 
0 0.344896 0.618161 0.044557 0.047377 
0 0.396503 0.650592 0.039481 0.056966 
0 0.448675 0.677383 0.052453 0.028201 
0 0.364072 0.760575 0.033277 0.037789 
0 0.393683 0.797518 0.027073 0.036097 
0 0.020587 0.521997 0.035533 0.045685 
