0 0.738297 0.026791 0.045121 0.050197 
0 0.887479 0.113649 0.042301 0.054710 
0 0.792724 0.396221 0.037789 0.050197 
0 0.841794 0.391709 0.049069 0.038917 
0 0.771292 0.318669 0.043429 0.032713 
0 0.716300 0.316695 0.038353 0.029893 
0 0.688381 0.334743 0.026509 0.027637 
0 0.707276 0.378737 0.030457 0.028765 
0 0.485054 0.557248 0.073322 0.078962 
0 0.574450 0.564016 0.081782 0.085730 
0 0.614213 0.504230 0.055274 0.046249 
0 0.544557 0.477721 0.063734 0.056402 
0 0.540327 0.585730 0.042865 0.062606 
0 0.507614 0.683023 0.069938 0.086858 
