0 0.025945 0.153412 0.048505 0.045121 
0 0.054146 0.144388 0.046249 0.042865 
0 0.054428 0.095601 0.032149 0.026509 
0 0.621263 0.252115 0.199098 0.145516 
0 0.769318 0.423012 0.084602 0.076706 
0 0.646926 0.527073 0.125212 0.112239 
0 0.655386 0.367738 0.173717 0.135364 
0 0.388607 0.462775 0.142132 0.132544 
0 0.442470 0.531585 0.160745 0.169769 
0 0.235477 0.578962 0.133672 0.143824 
0 0.240271 0.705302 0.077834 0.073886 
0 0.383531 0.612239 0.094755 0.089679 
0 0.556966 0.733221 0.142696 0.146644 
0 0.535533 0.633108 0.054710 0.045685 
0 0.549069 0.591089 0.079526 0.043993 
0 0.681331 0.848844 0.074450 0.093627 
0 0.659616 0.881275 0.069374 0.060350 
0 0.678793 0.951495 0.080654 0.084602 
0 0.416526 0.969825 0.052453 0.051325 
