0 0.379019 0.135364 0.092499 0.077834
0 0.465595 0.240553 0.099831 0.128032
0 0.550761 0.222786 0.084038 0.089114
0 0.522843 0.307953 0.080090 0.084602
0 0.432600 0.283982 0.057530 0.070502
0 0.359278 0.261421 0.083474 0.105471
0 0.847152 0.188381 0.051889 0.051889
0 0.511844 0.512690 0.055838 0.071066
0 0.461083 0.518895 0.043429 0.042865
0 0.827411 0.838973 0.031585 0.044557
0 0.783700 0.843204 0.052453 0.048505
0 0.581782 0.873378 0.036661 0.036661
0 0.540609 0.888043 0.044557 0.041173
0 0.521997 0.861252 0.034405 0.036097
0 0.517484 0.822899 0.035533 0.030457
