0 0.163847 0.151156 0.041173 0.029329
0 0.456289 0.121545 0.048505 0.052453
0 0.373378 0.117597 0.031585 0.029893
0 0.354766 0.104061 0.023689 0.027637
0 0.416244 0.069938 0.019177 0.019177
0 0.465313 0.072476 0.025945 0.025381
0 0.536943 0.009870 0.028201 0.018613
0 0.587422 0.203892 0.035533 0.037789
0 0.675409 0.280880 0.037789 0.029329
0 0.417654 0.277496 0.041173 0.042865
0 0.378173 0.268190 0.037789 0.040045
0 0.354484 0.317541 0.051325 0.051889
0 0.071348 0.272984 0.028765 0.024817
0 0.011844 0.273548 0.020305 0.022561
0 0.031303 0.253243 0.027637 0.025945
0 0.522279 0.366046 0.053017 0.055274
0 0.564298 0.371404 0.026509 0.040045
0 0.492668 0.333333 0.052453 0.041737
0 0.439368 0.371686 0.057530 0.047377
0 0.416526 0.341794 0.054710 0.038353
0 0.435984 0.430626 0.067682 0.059222
0 0.371968 0.415116 0.062606 0.055274
0 0.655950 0.544275 0.093627 0.092499
0 0.678229 0.471517 0.094191 0.080090
0 0.555838 0.458263 0.105471 0.082910
0 0.592217 0.424704 0.067682 0.042865
0 0.473773 0.561760 0.076706 0.084602
0 0.521997 0.563452 0.036661 0.072194
0 0.670051 0.614777 0.094755 0.050761
0 0.405245 0.575860 0.061478 0.063170
0 0.365200 0.516356 0.055838 0.053582
0 0.343768 0.563452 0.065990 0.067682
0 0.385223 0.655104 0.082346 0.068246
0 0.303723 0.624365 0.060350 0.056402
0 0.304287 0.553299 0.024253 0.038353
0 0.324309 0.663283 0.055274 0.038353
0 0.332487 0.707558 0.050197 0.044557
0 0.402143 0.524817 0.020305 0.029893
0 0.533277 0.413988 0.045685 0.024817
