0 0.471235 0.215172 0.051325 0.052453
0 0.580654 0.342640 0.081782 0.078398
0 0.606599 0.314157 0.063734 0.056402
0 0.587140 0.404963 0.075578 0.059786
0 0.578680 0.439650 0.057530 0.044557
0 0.515228 0.424140 0.072758 0.086858
0 0.399887 0.493514 0.055274 0.073322
0 0.476593 0.540891 0.042865 0.056402
0 0.167513 0.491822 0.047377 0.050761
0 0.036943 0.446983 0.044557 0.051325
0 0.915680 0.245065 0.041173 0.042301
0 0.954879 0.287084 0.039481 0.042865
0 0.976875 0.252115 0.043993 0.065426
0 0.924140 0.293570 0.038917 0.050197
0 0.908065 0.316695 0.036097 0.049069
0 0.060350 0.708686 0.046249 0.045685
0 0.464749 0.879583 0.053017 0.063734
0 0.414834 0.875917 0.047941 0.042865
