0 0.483362 0.169769 0.036097 0.037225 
0 0.525381 0.163565 0.036661 0.040609 
0 0.569656 0.185843 0.042865 0.047941 
0 0.520023 0.231810 0.032713 0.046249 
0 0.549351 0.220812 0.019177 0.035533 
0 0.565708 0.149464 0.039481 0.023689 
0 0.279470 0.283982 0.023125 0.025381 
0 0.258883 0.319515 0.037225 0.028765 
0 0.956853 0.299774 0.028765 0.028765 
0 0.991822 0.377045 0.016356 0.040045 
0 0.631698 0.506768 0.027073 0.027637 
0 0.977157 0.588268 0.038917 0.060914 
0 0.225606 0.600113 0.041737 0.041737 
0 0.254371 0.655386 0.037225 0.042865 
0 0.206994 0.647208 0.033841 0.045685 
0 0.183023 0.588550 0.033277 0.036661 
0 0.107727 0.677383 0.046249 0.039481 
0 0.098703 0.715736 0.039481 0.034969 
0 0.038353 0.705866 0.047377 0.053582 
0 0.041455 0.657642 0.045685 0.038353 
0 0.512408 0.826001 0.037789 0.036661 
0 0.418500 0.838409 0.036097 0.046813 
0 0.351664 0.795544 0.036661 0.045685 
0 0.336153 0.823181 0.038353 0.037789 
0 0.315849 0.769600 0.040609 0.036661 
0 0.822617 0.697124 0.045685 0.030457 
0 0.347434 0.873378 0.036097 0.043429 
