0 0.036661 0.073322 0.031585 0.033841 
0 0.115341 0.066554 0.035533 0.033841 
0 0.271856 0.085448 0.036097 0.033277 
0 0.066272 0.140158 0.025381 0.034405 
0 0.204738 0.150310 0.029329 0.034405 
0 0.122673 0.227580 0.051325 0.046813 
0 0.117315 0.295544 0.038353 0.046249 
0 0.071630 0.318669 0.033841 0.030457 
0 0.031867 0.269600 0.043429 0.042865 
0 0.239143 0.325719 0.037225 0.036661 
0 0.014946 0.507050 0.021997 0.020305 
0 0.409475 0.041173 0.032713 0.028201 
0 0.402707 0.184151 0.033841 0.040045 
0 0.452341 0.100677 0.032713 0.032149 
0 0.528201 0.042583 0.028765 0.031021 
0 0.703328 0.072194 0.051889 0.054146 
0 0.776932 0.053864 0.045685 0.044557 
0 0.802876 0.098139 0.051325 0.043993 
0 0.734067 0.135928 0.049069 0.054146 
0 0.681049 0.163565 0.045685 0.048505 
0 0.628596 0.141286 0.044557 0.043429 
0 0.623801 0.099267 0.049633 0.041737 
0 0.968133 0.075860 0.033277 0.032149 
0 0.918500 0.192893 0.021997 0.030457 
0 0.748449 0.288494 0.033841 0.038917 
0 0.449239 0.417090 0.090807 0.078398 
0 0.364072 0.435138 0.042301 0.042301 
0 0.310209 0.463621 0.091371 0.074450 
0 0.630570 0.404963 0.087986 0.075578 
0 0.611111 0.498872 0.070502 0.075014 
0 0.690073 0.529893 0.075014 0.061478 
0 0.381839 0.633954 0.063170 0.075578 
0 0.358714 0.668923 0.073322 0.078962 
0 0.756909 0.878455 0.064298 0.071630 
0 0.604625 0.954315 0.043993 0.053017 
0 0.164411 0.783418 0.032149 0.036097 
