0 0.340384 0.218274 0.038917 0.051889
0 0.306543 0.208686 0.032149 0.050761
0 0.349972 0.285110 0.037789 0.046813
0 0.419064 0.309081 0.043993 0.049633
0 0.547941 0.344050 0.037789 0.031585
0 0.567682 0.226734 0.035533 0.036097
0 0.727016 0.276086 0.027073 0.029893
0 0.970671 0.188945 0.047377 0.051889
0 0.939086 0.404963 0.032713 0.045121
0 0.452623 0.499436 0.033277 0.045685
0 0.306543 0.522561 0.102087 0.119007
0 0.221658 0.638748 0.087986 0.081782
0 0.335589 0.712916 0.060914 0.064298
0 0.294416 0.727016 0.084602 0.084602
0 0.419910 0.652002 0.069374 0.071066
0 0.098139 0.622391 0.031585 0.034405
0 0.058376 0.671179 0.040045 0.039481
0 0.935702 0.625494 0.040609 0.057530
0 0.938804 0.729836 0.025381 0.034969
0 0.905245 0.754089 0.045121 0.050761
0 0.782008 0.790750 0.053582 0.047377
0 0.573322 0.882967 0.033277 0.047941
0 0.540045 0.866328 0.028765 0.039481
0 0.366610 0.865482 0.056402 0.064862
0 0.280598 0.874506 0.045685 0.051325
0 0.894811 0.924704 0.050197 0.043429
0 0.533277 0.302030 0.021997 0.023125
