0 0.208686 0.133672 0.031585 0.037225
0 0.333615 0.048505 0.026509 0.037225
0 0.372814 0.065990 0.033841 0.042865
0 0.335307 0.131698 0.024253 0.038917
0 0.525099 0.124083 0.029329 0.031585
0 0.472927 0.207276 0.045685 0.045685
0 0.463903 0.250141 0.045685 0.035533
0 0.492668 0.310773 0.052453 0.039481
0 0.352792 0.262831 0.034405 0.029329
0 0.405809 0.300056 0.034405 0.047377
0 0.406091 0.339255 0.033841 0.032149
0 0.343204 0.345178 0.034405 0.037225
0 0.403553 0.383249 0.037789 0.036661
0 0.666949 0.492104 0.063734 0.068246
0 0.745347 0.540891 0.068246 0.055274
0 0.706994 0.445008 0.063734 0.067682
0 0.566272 0.592499 0.083474 0.081782
0 0.626058 0.600395 0.047377 0.069374
0 0.568810 0.651156 0.067118 0.037789
0 0.843486 0.728990 0.055838 0.045685
0 0.542019 0.509306 0.066554 0.073322
0 0.461647 0.516638 0.038917 0.051889
0 0.427524 0.499154 0.065426 0.063170
0 0.389171 0.631134 0.063170 0.058658
0 0.366328 0.475465 0.045685 0.064298
0 0.316977 0.493232 0.065426 0.062606
0 0.854202 0.767061 0.032149 0.024817
