0 0.965313 0.097011 0.056966 0.062042
0 0.855612 0.012126 0.038353 0.023125
0 0.547659 0.113649 0.048505 0.054710
0 0.611393 0.138748 0.036097 0.041737
0 0.454315 0.069374 0.027637 0.021433
0 0.406091 0.053864 0.027073 0.024253
0 0.405527 0.139312 0.029329 0.032713
0 0.369148 0.096165 0.023125 0.025381
0 0.657642 0.293852 0.093627 0.076706
0 0.529047 0.406091 0.133108 0.128596
0 0.619571 0.511280 0.079526 0.086294
0 0.503384 0.487028 0.062606 0.046813
0 0.459391 0.438804 0.044557 0.058658
0 0.273266 0.522843 0.051325 0.053017
0 0.159898 0.412860 0.043429 0.038353
0 0.083192 0.380429 0.041173 0.050197
0 0.111111 0.401861 0.032713 0.037789
0 0.081218 0.452905 0.033841 0.041737
0 0.036661 0.533277 0.071066 0.079526
0 0.100395 0.598703 0.049633 0.062606
0 0.175691 0.605471 0.044557 0.068246
0 0.243091 0.678793 0.060914 0.070502
0 0.327975 0.761421 0.035533 0.043993
0 0.808517 0.937112 0.029893 0.029893
0 0.809081 0.976029 0.028765 0.028765
0 0.873660 0.457981 0.059786 0.083474
0 0.919346 0.505922 0.074450 0.076706
0 0.961365 0.565990 0.045685 0.062606
0 0.890017 0.544839 0.025945 0.031585
0 0.968979 0.479131 0.060914 0.070502
0 0.856740 0.401015 0.050761 0.059786
0 0.972927 0.337563 0.053017 0.064862
0 0.974901 0.388607 0.040045 0.042865
0 0.985336 0.220812 0.024817 0.036661
0 0.267908 0.606317 0.030457 0.047377
0 0.987874 0.773830 0.024253 0.045121
