0 0.462493 0.219402 0.078962 0.086858 
0 0.586576 0.278060 0.115059 0.098139 
0 0.747039 0.359278 0.123519 0.127468 
0 0.626340 0.440496 0.089679 0.091371 
0 0.491258 0.305133 0.094755 0.073322 
0 0.438804 0.421038 0.133108 0.125776 
0 0.316413 0.412578 0.086858 0.036661 
0 0.501974 0.576142 0.126340 0.152848 
0 0.602087 0.547377 0.097575 0.113367 
0 0.745629 0.772702 0.133108 0.124083 
0 0.447547 0.692893 0.068246 0.038917 
0 0.245065 0.576424 0.095319 0.093627 
0 0.293288 0.681049 0.106035 0.121263 
0 0.185279 0.683587 0.089679 0.080090 
0 0.163283 0.599267 0.096447 0.093063 
0 0.364072 0.625494 0.069374 0.048505 
0 0.889453 0.828821 0.046249 0.046813 
0 0.888889 0.910603 0.103779 0.097575 
0 0.811901 0.860406 0.056966 0.060350 
0 0.436266 0.961365 0.058094 0.058094 
0 0.567118 0.977157 0.061478 0.045685 
