0 0.050761 0.050197 0.038353 0.032713
0 0.126058 0.015510 0.050197 0.029893
0 0.270446 0.015510 0.045685 0.025381
0 0.376199 0.107163 0.039481 0.038353
0 0.021997 0.205020 0.039481 0.035533
0 0.030739 0.262549 0.032149 0.023125
0 0.017484 0.308235 0.033841 0.045685
0 0.640722 0.336435 0.056402 0.068246
0 0.540891 0.393965 0.062042 0.060350
0 0.414270 0.503666 0.042301 0.053017
0 0.454879 0.502820 0.028765 0.046813
0 0.380711 0.502538 0.036097 0.073322
0 0.381839 0.593909 0.049633 0.042865
0 0.510716 0.628314 0.037789 0.047377
0 0.470953 0.635364 0.036097 0.046813
0 0.478567 0.727298 0.038917 0.049069
0 0.562042 0.725324 0.044557 0.056402
0 0.626340 0.672307 0.049069 0.063170
0 0.438240 0.622955 0.023689 0.027637
0 0.379301 0.726452 0.045685 0.045121
0 0.883813 0.705584 0.045121 0.039481
0 0.881839 0.517484 0.051325 0.040045
0 0.769036 0.888043 0.059222 0.040045
0 0.688099 0.912014 0.045121 0.053017
0 0.508178 0.983644 0.030457 0.024817
0 0.497462 0.965595 0.029329 0.029329
0 0.388043 0.894529 0.050761 0.042865
0 0.317541 0.851100 0.032713 0.039481
0 0.251269 0.785110 0.046813 0.047377
0 0.210096 0.654822 0.025381 0.045121
0 0.152002 0.630288 0.050197 0.052453
0 0.182459 0.742245 0.042301 0.040609
0 0.045967 0.781726 0.051325 0.058658
