0 0.051889 0.050479 0.029329 0.031021 
0 0.049069 0.133108 0.029329 0.033841 
0 0.306825 0.048505 0.031585 0.030457 
0 0.334179 0.088550 0.029893 0.021433 
0 0.258319 0.036097 0.024817 0.031585 
0 0.366046 0.349408 0.027073 0.031021 
0 0.399323 0.308235 0.021433 0.026509 
0 0.902143 0.015792 0.027637 0.027073 
0 0.929216 0.090525 0.033277 0.037789 
0 0.806825 0.299774 0.043429 0.041173 
0 0.728144 0.272702 0.043993 0.050197 
0 0.648054 0.283418 0.047377 0.044557 
0 0.615341 0.319515 0.038353 0.031021 
0 0.706712 0.337845 0.041737 0.038353 
0 0.686407 0.368020 0.038353 0.040045 
0 0.959955 0.449239 0.027073 0.034405 
0 0.613931 0.375071 0.035533 0.032713 
0 0.637056 0.388889 0.028765 0.033277 
0 0.571630 0.339255 0.026509 0.027637 
0 0.563734 0.394247 0.032149 0.031585 
0 0.529047 0.407783 0.021433 0.020305 
0 0.516920 0.398759 0.028765 0.023689 
0 0.465313 0.358432 0.029329 0.027637 
0 0.445854 0.382685 0.018613 0.018613 
0 0.435984 0.410039 0.038353 0.027073 
0 0.489848 0.492104 0.026509 0.031021 
0 0.424704 0.480823 0.028201 0.032149 
0 0.420192 0.442470 0.023689 0.023125 
0 0.371122 0.621545 0.062042 0.057530 
0 0.422166 0.661873 0.065990 0.059222 
0 0.495770 0.737733 0.054146 0.069938 
0 0.375353 0.709532 0.046813 0.048505 
0 0.729554 0.790468 0.063734 0.064862 
0 0.597575 0.824309 0.033277 0.037789 
0 0.244783 0.612239 0.032713 0.036661 
0 0.202482 0.497180 0.041737 0.042301 
0 0.196560 0.460237 0.036661 0.032713 
0 0.117315 0.482234 0.049633 0.049633 
0 0.153130 0.558094 0.042301 0.049069 
0 0.181613 0.556684 0.027073 0.038353 
0 0.075578 0.543711 0.042865 0.048505 
0 0.021715 0.487310 0.041173 0.046249 
0 0.023125 0.555838 0.040609 0.046813 
0 0.531867 0.470389 0.025945 0.028201 
