0 0.500000 0.045967 0.029893 0.042301
0 0.265651 0.028201 0.031585 0.048505
0 0.249577 0.069656 0.026509 0.016356
0 0.246757 0.090807 0.033277 0.023689
0 0.212070 0.110829 0.037225 0.034405
0 0.233221 0.143260 0.027637 0.028201
0 0.205020 0.149464 0.019741 0.025945
0 0.055274 0.009306 0.020305 0.015228
0 0.088268 0.012408 0.025381 0.020305
0 0.073040 0.030175 0.021997 0.019741
0 0.099549 0.059786 0.025381 0.027073
0 0.131416 0.110265 0.027073 0.035533
0 0.067682 0.075578 0.034969 0.041737
0 0.177383 0.232939 0.034405 0.043993
0 0.143260 0.245347 0.030457 0.031585
0 0.112521 0.281162 0.035533 0.047941
0 0.143824 0.283418 0.024817 0.028765
0 0.183869 0.280880 0.032713 0.029329
0 0.144952 0.333897 0.029329 0.022561
0 0.163283 0.354484 0.019741 0.018613
0 0.139876 0.311619 0.027073 0.015228
0 0.123519 0.333051 0.020305 0.024253
0 0.127468 0.363508 0.028201 0.023125
0 0.620135 0.117315 0.037789 0.050761
0 0.657078 0.118443 0.028201 0.032713
0 0.633108 0.174281 0.035533 0.036097
0 0.652002 0.224196 0.034969 0.033277
0 0.615341 0.235759 0.024817 0.025945
0 0.559504 0.219402 0.029329 0.030457
0 0.532431 0.169487 0.034969 0.035533
0 0.577270 0.112239 0.035533 0.033841
0 0.575296 0.142132 0.027073 0.018049
0 0.577270 0.161873 0.027637 0.014664
0 0.969261 0.054710 0.029893 0.037225
0 0.943598 0.131134 0.021433 0.028765
0 0.959109 0.157642 0.029893 0.026509
0 0.960801 0.180767 0.025381 0.017484
0 0.907219 0.152566 0.020869 0.016356
0 0.910321 0.131134 0.024817 0.015228
0 0.828257 0.098703 0.027637 0.021433
0 0.882403 0.181895 0.017484 0.018613
0 0.983644 0.030739 0.025945 0.017484
0 0.503102 0.308799 0.036097 0.038917
0 0.529611 0.328539 0.025945 0.026509
0 0.483362 0.363790 0.046249 0.045121
0 0.516920 0.391427 0.031021 0.039481
0 0.552735 0.405527 0.031585 0.036097
0 0.492386 0.421320 0.033841 0.033841
0 0.455443 0.426396 0.040045 0.030457
0 0.448957 0.456289 0.028201 0.027073
0 0.420474 0.460237 0.029893 0.032713
0 0.461647 0.322617 0.033277 0.028201
0 0.434856 0.327975 0.028201 0.031021
0 0.418218 0.360970 0.036661 0.031585
0 0.438804 0.393965 0.032713 0.021997
0 0.387479 0.373378 0.029329 0.037225
0 0.393401 0.435984 0.044557 0.038353
0 0.380993 0.468697 0.037789 0.029329
0 0.355048 0.410886 0.037789 0.035533
0 0.218838 0.502256 0.042865 0.037789
0 0.247039 0.557812 0.037225 0.046249
0 0.187535 0.476593 0.037789 0.030457
0 0.148054 0.507332 0.038917 0.027637
0 0.158488 0.551607 0.046249 0.037225
0 0.159052 0.591935 0.047377 0.035533
0 0.121263 0.548223 0.028201 0.038353
0 0.098703 0.499154 0.027073 0.024817
0 0.065990 0.507332 0.021433 0.021997
0 0.062324 0.533277 0.024253 0.025381
0 0.085730 0.546531 0.023689 0.018049
0 0.064862 0.566836 0.020305 0.024817
0 0.030175 0.549351 0.021997 0.022561
0 0.009024 0.540045 0.016920 0.018613
0 0.205302 0.561760 0.038353 0.034969
0 0.750987 0.679357 0.099831 0.079526
0 0.843486 0.694867 0.070502 0.069938
0 0.818387 0.615905 0.072194 0.076706
0 0.880147 0.586858 0.025381 0.028765
0 0.888043 0.622109 0.033277 0.032713
0 0.739989 0.564580 0.067682 0.057530
0 0.705584 0.609419 0.086858 0.067118
0 0.635082 0.576706 0.057530 0.047941
0 0.586012 0.613367 0.042865 0.047941
0 0.674563 0.715172 0.078962 0.078962
0 0.778342 0.748449 0.069938 0.054146
0 0.733503 0.757473 0.051325 0.056402
0 0.980259 0.864918 0.032713 0.058094
0 0.067964 0.833897 0.040045 0.037789
0 0.148054 0.840102 0.026509 0.042301
0 0.073886 0.885787 0.042865 0.040045
0 0.021433 0.872532 0.040609 0.040609
0 0.014100 0.914552 0.025945 0.033277
0 0.083474 0.922448 0.036097 0.029893
0 0.051607 0.924986 0.020869 0.024817
0 0.064580 0.956853 0.020869 0.021997
0 0.049633 0.924986 0.023689 0.027073
0 0.041455 0.951777 0.020869 0.019741
0 0.097011 0.974619 0.033841 0.021433
0 0.021715 0.981105 0.031021 0.029893
0 0.845742 0.551889 0.032149 0.037789
