0 0.502820 0.091089 0.146080 0.143824 
0 0.588550 0.023689 0.114495 0.046249 
0 0.653412 0.282290 0.071630 0.091935 
0 0.873096 0.280034 0.089114 0.085166 
0 0.460801 0.285392 0.074450 0.058658 
0 0.395939 0.355048 0.092499 0.087422 
0 0.504794 0.364636 0.059786 0.061478 
0 0.478003 0.427242 0.089679 0.075014 
0 0.686689 0.670615 0.070502 0.056402 
0 0.450367 0.692047 0.059222 0.049633 
0 0.395939 0.722504 0.046249 0.045121 
0 0.442470 0.979695 0.082910 0.036097 
0 0.402989 0.121263 0.024253 0.025945 
