0 0.708404 0.258319 0.057530 0.059786
0 0.293006 0.228708 0.064862 0.060350
0 0.091089 0.378737 0.052453 0.036661
0 0.039763 0.348562 0.035533 0.046249
0 0.021715 0.426678 0.032149 0.036661
0 0.663565 0.445854 0.107727 0.108855
0 0.581500 0.460801 0.060914 0.057530
0 0.514664 0.474901 0.058094 0.062042
0 0.422730 0.485054 0.099831 0.095883
0 0.441060 0.586858 0.084602 0.080654
0 0.405809 0.618161 0.064862 0.065426
0 0.313593 0.554146 0.108291 0.116751
0 0.272420 0.471235 0.076706 0.080654
0 0.268472 0.750705 0.038353 0.037225
0 0.205020 0.786802 0.043429 0.046249
0 0.139594 0.793852 0.043429 0.044557
0 0.031021 0.816977 0.039481 0.037789
0 0.459391 0.410603 0.087422 0.047377
0 0.110265 0.450085 0.049069 0.040609
