0 0.199098 0.191201 0.048505 0.067682
0 0.237733 0.025945 0.059222 0.048505
0 0.501974 0.121263 0.045121 0.050761
0 0.397067 0.180767 0.075578 0.079526
0 0.383249 0.243091 0.061478 0.050761
0 0.302030 0.250141 0.080654 0.056966
0 0.201918 0.325437 0.064298 0.053017
0 0.083474 0.385223 0.066554 0.036097
0 0.025381 0.385787 0.045121 0.067682
0 0.483926 0.338409 0.038353 0.051889
0 0.539481 0.358714 0.065990 0.059786
0 0.616751 0.327129 0.069374 0.082346
0 0.837563 0.398477 0.073322 0.070502
0 0.818669 0.261421 0.132544 0.125776
0 0.291878 0.173999 0.113367 0.115623
0 0.230400 0.166103 0.031021 0.073886
0 0.459673 0.498026 0.059786 0.068810
0 0.411450 0.527073 0.123519 0.132544
0 0.673435 0.572194 0.040609 0.040045
0 0.831923 0.655668 0.078962 0.079526
0 0.751833 0.677947 0.067682 0.051889
0 0.719402 0.785674 0.088550 0.085730
0 0.687253 0.762549 0.097575 0.125212
0 0.624083 0.711788 0.107727 0.110547
0 0.565426 0.704174 0.051325 0.070502
