0 0.015510 0.084038 0.027637 0.030457
0 0.090243 0.108291 0.032713 0.036097
0 0.056402 0.133954 0.029329 0.028765
0 0.029611 0.227016 0.027637 0.034405
0 0.045967 0.296108 0.031021 0.029329
0 0.111111 0.239425 0.037225 0.037789
0 0.188945 0.139876 0.058658 0.055274
0 0.216018 0.221094 0.046249 0.053017
0 0.264523 0.241117 0.065426 0.067118
0 0.231528 0.321489 0.065990 0.073322
0 0.164693 0.276650 0.065426 0.076142
0 0.375635 0.216864 0.075578 0.071630
0 0.521715 0.204738 0.058658 0.065426
0 0.380147 0.285392 0.071066 0.072194
0 0.422730 0.403553 0.035533 0.050197
0 0.696560 0.214890 0.055274 0.065426
0 0.612521 0.430908 0.054146 0.064298
0 0.607163 0.466723 0.042301 0.033277
0 0.548787 0.637902 0.040609 0.037225
