0 0.105471 0.185279 0.030457 0.027637
0 0.136210 0.221376 0.037789 0.034405
0 0.085448 0.214890 0.042301 0.028201
0 0.064580 0.265651 0.034405 0.029329
0 0.104061 0.252115 0.032149 0.031585
0 0.172025 0.132262 0.021433 0.021997
0 0.168923 0.096729 0.027637 0.028765
0 0.549915 0.399041 0.078962 0.075014
0 0.475183 0.409475 0.062606 0.067682
0 0.405245 0.336999 0.076142 0.072758
0 0.467569 0.279752 0.063170 0.054146
0 0.515792 0.320643 0.052453 0.055838
0 0.515792 0.320643 0.052453 0.055838
0 0.530739 0.296390 0.050761 0.047941
0 0.592499 0.407783 0.032149 0.058658
0 0.519177 0.481105 0.078398 0.074450
0 0.451777 0.464467 0.057530 0.054710
0 0.385505 0.488438 0.059222 0.057530
0 0.314721 0.403553 0.057530 0.067118
0 0.353074 0.426114 0.050761 0.055838
0 0.419628 0.296672 0.046249 0.041737
0 0.673153 0.518895 0.056966 0.060914
0 0.619571 0.479977 0.042301 0.036097
0 0.605753 0.579244 0.058658 0.033841
0 0.503102 0.592781 0.060914 0.053017
0 0.405809 0.544839 0.060350 0.062042
0 0.221376 0.734067 0.043429 0.044557
0 0.288212 0.721658 0.038353 0.044557
0 0.171743 0.687535 0.036661 0.048505
0 0.177101 0.626904 0.038353 0.041173
0 0.223632 0.657078 0.028765 0.037225
0 0.245347 0.618443 0.037225 0.028765
0 0.260575 0.595319 0.039481 0.031021
