0 0.576547 0.422222 0.0781759 0.111111
0 0.478827 0.45 0.0586319 0.0777778
0 0.504886 0.622222 0.0781759 0.122222
0 0.421824 0.647222 0.0814332 0.127778
0 0.438111 0.872222 0.0423453 0.0777778
0 0.486971 0.880556 0.0423453 0.0722222
0 0.394137 0.938889 0.0521173 0.0777778
0 0.403909 0.980556 0.0521173 0.0388889
0 0.247557 0.661111 0.0586319 0.0888889
0 0.2443 0.755556 0.0846906 0.111111
0 0.143322 0.594444 0.0716612 0.1
0 0.151466 0.275 0.0684039 0.0833333
0 0.472313 0.127778 0.0651466 0.111111
0 0.504886 0.0444444 0.0716612 0.0888889
0 0.413681 0.197222 0.0456026 0.0833333
