0 0.311111 0.923333 0.142222 0.106667
0 0.233333 0.815 0.191111 0.143333
0 0.368889 0.775 0.16 0.103333
0 0.495556 0.823333 0.128889 0.1
0 0.691111 0.701667 0.128889 0.11
0 0.92 0.621667 0.115556 0.0833333
0 0.815556 0.561667 0.155556 0.13
0 0.677778 0.561667 0.164444 0.11
0 0.273333 0.518333 0.146667 0.11
0 0.131111 0.488333 0.155556 0.11
0 0.182222 0.588333 0.16 0.13
0 0.153333 0.446667 0.137778 0.0933333
0 0.742222 0.418333 0.16 0.11
0 0.731111 0.31 0.128889 0.113333
0 0.628889 0.275 0.146667 0.103333
0 0.491111 0.23 0.164444 0.1
0 0.335556 0.235 0.173333 0.11
0 0.164444 0.263333 0.142222 0.106667
0 0.202222 0.368333 0.12 0.11
0 0.208889 0.115 0.16 0.103333
0 0.235556 0.06 0.142222 0.12
0 0.397778 0.1 0.137778 0.113333
0 0.164444 0.161667 0.133333 0.0966667
