0 0.161538 0.475 0.169231 0.273077
0 0.252564 0.755769 0.161538 0.226923
0 0.265385 0.592308 0.146154 0.207692
0 0.379487 0.442308 0.164103 0.253846
0 0.387179 0.701923 0.153846 0.25
0 0.541026 0.630769 0.158974 0.230769
0 0.526923 0.444231 0.151282 0.211538
0 0.438462 0.353846 0.148718 0.215385
0 0.720513 0.330769 0.153846 0.215385
0 0.65641 0.498077 0.128205 0.196154
0 0.685897 0.682692 0.135897 0.226923
0 0.802564 0.557692 0.148718 0.284615
0 0.94359 0.492308 0.112821 0.207692
0 0.898718 0.351923 0.166667 0.188462
0 0.774359 0.175 0.138462 0.173077
