0 0.271318 0.201754 0.0930233 0.134503
0 0.197674 0.274854 0.0852713 0.128655
0 0.199612 0.397661 0.120155 0.163743
0 0.292636 0.327485 0.112403 0.140351
0 0.368217 0.245614 0.0775194 0.105263
0 0.372093 0.342105 0.0775194 0.146199
0 0.341085 0.453216 0.0697674 0.111111
0 0.275194 0.444444 0.0620155 0.105263
0 0.697674 0.581871 0.108527 0.157895
0 0.602713 0.581871 0.0891473 0.122807
0 0.544574 0.657895 0.0813953 0.134503
0 0.52907 0.75731 0.0813953 0.134503
0 0.583333 0.839181 0.0813953 0.146199
0 0.651163 0.903509 0.0697674 0.122807
0 0.69186 0.774854 0.0968992 0.169591
0 0.751938 0.763158 0.100775 0.192982
