0 0.297131 0.0429448 0.127049 0.0858896
0 0.383197 0.0797546 0.118852 0.159509
0 0.295082 0.138037 0.0819672 0.153374
0 0.32582 0.245399 0.0942623 0.122699
0 0.44877 0.266871 0.0778689 0.128834
0 0.506148 0.165644 0.0942623 0.147239
0 0.625 0.40184 0.0942623 0.153374
0 0.684426 0.53681 0.0901639 0.202454
0 0.377049 0.769939 0.0819672 0.177914
0 0.452869 0.797546 0.0860656 0.159509
0 0.569672 0.898773 0.0983607 0.141104
0 0.620902 0.800613 0.102459 0.141104
0 0.561475 0.687117 0.0737705 0.110429
0 0.741803 0.748466 0.0901639 0.159509
0 0.778689 0.705521 0.057377 0.0858896
0 0.862705 0.687117 0.0532787 0.110429
0 0.979508 0.861963 0.0409836 0.116564
0 0.977459 0.932515 0.045082 0.110429
0 0.848361 0.969325 0.0901639 0.0613497
