0 0.657303 0.257143 0.134831 0.148571
0 0.761236 0.405714 0.117978 0.114286
0 0.744382 0.2 0.106742 0.114286
0 0.230337 0.248571 0.0898876 0.0971429
0 0.213483 0.354286 0.146067 0.137143
0 0.22191 0.451429 0.140449 0.125714
0 0.323034 0.6 0.117978 0.102857
0 0.438202 0.625714 0.134831 0.142857
0 0.519663 0.511429 0.129213 0.142857
0 0.620787 0.431429 0.140449 0.12
0 0.629213 0.605714 0.11236 0.102857
0 0.926966 0.274286 0.101124 0.102857
0 0.331461 0.894286 0.134831 0.12
0 0.27809 0.662857 0.106742 0.102857
