0 0.590659 0.108333 0.0714286 0.0611111
0 0.574176 0.147222 0.0604396 0.0611111
0 0.521978 0.180556 0.0659341 0.0611111
0 0.618132 0.172222 0.0604396 0.0555556
0 0.634615 0.213889 0.0604396 0.0611111
0 0.552198 0.336111 0.0714286 0.0611111
0 0.56044 0.433333 0.0659341 0.0777778
0 0.728022 0.408333 0.0714286 0.0833333
0 0.71978 0.491667 0.0549451 0.0611111
0 0.846154 0.780556 0.0549451 0.0611111
0 0.804945 0.752778 0.0714286 0.0611111
0 0.807692 0.794444 0.0549451 0.0555556
0 0.769231 0.805556 0.0549451 0.0555556
0 0.714286 0.822222 0.0879121 0.0666667
0 0.673077 0.852778 0.0714286 0.0722222
0 0.337912 0.780556 0.0494505 0.05
0 0.304945 0.813889 0.0604396 0.0611111
0 0.266484 0.827778 0.0604396 0.0555556
0 0.370879 0.908333 0.0604396 0.0611111
0 0.651099 0.536111 0.0604396 0.05
