0 0.14532 0.522167 0.20197 0.246305
0 0.300493 0.480296 0.187192 0.221675
0 0.465517 0.487685 0.192118 0.236453
0 0.487685 0.268473 0.197044 0.231527
0 0.581281 0.137931 0.17734 0.226601
0 0.724138 0.142857 0.197044 0.26601
0 0.931034 0.317734 0.128079 0.231527
0 0.669951 0.394089 0.187192 0.226601
0 0.650246 0.721675 0.216749 0.280788
0 0.834975 0.704433 0.192118 0.256158
0 0.928571 0.864532 0.142857 0.211823
0 0.524631 0.884236 0.251232 0.231527
0 0.332512 0.899015 0.221675 0.20197
0 0.251232 0.628079 0.17734 0.192118
