0 0.62749 0.720238 0.163347 0.22619
0 0.472112 0.770833 0.163347 0.196429
0 0.494024 0.520833 0.119522 0.184524
0 0.645418 0.580357 0.143426 0.184524
0 0.531873 0.66369 0.139442 0.196429
0 0.314741 0.660714 0.135458 0.214286
0 0.2749 0.485119 0.143426 0.184524
0 0.330677 0.360119 0.12749 0.184524
0 0.252988 0.306548 0.155378 0.208333
0 0.370518 0.235119 0.12749 0.172619
0 0.336653 0.169643 0.0996016 0.14881
0 0.501992 0.303571 0.143426 0.202381
0 0.432271 0.440476 0.139442 0.214286
0 0.105578 0.690476 0.123506 0.202381
0 0.0876494 0.502976 0.167331 0.184524
0 0.159363 0.598214 0.143426 0.220238
0 0.0258964 0.675595 0.0517928 0.220238
0 0.10757 0.375 0.167331 0.202381
0 0.583665 0.178571 0.131474 0.166667
0 0.494024 0.0654762 0.111554 0.130952
