0 0.941176 0.231527 0.0457516 0.0689655
0 0.810458 0.14532 0.0326797 0.0541872
0 0.70098 0.103448 0.0490196 0.0689655
0 0.776144 0.0714286 0.0359477 0.0541872
0 0.48366 0.155172 0.0522876 0.0640394
0 0.339869 0.199507 0.0588235 0.0541872
0 0.344771 0.23399 0.0555556 0.0640394
0 0.25817 0.0394089 0.0522876 0.0689655
0 0.174837 0.876847 0.0490196 0.0689655
0 0.29085 0.783251 0.0653595 0.08867
0 0.267974 0.672414 0.0588235 0.0640394
0 0.0800654 0.482759 0.0620915 0.0591133
0 0.117647 0.573892 0.0392157 0.0541872
0 0.485294 0.487685 0.0555556 0.0788177
0 0.415033 0.504926 0.0392157 0.044335
0 0.722222 0.475369 0.0522876 0.0738916
0 0.867647 0.522167 0.0620915 0.08867
0 0.627451 0.761084 0.0522876 0.0837438
0 0.707516 0.729064 0.0424837 0.0689655
0 0.633987 0.982759 0.0392157 0.0344828
