0 0.711628 0.70977 0.130233 0.33908
0 0.754651 0.287356 0.127907 0.310345
0 0.75 0.537356 0.14186 0.316092
0 0.623256 0.528736 0.144186 0.275862
0 0.572093 0.778736 0.148837 0.316092
0 0.480233 0.528736 0.151163 0.298851
0 0.388372 0.715517 0.134884 0.350575
0 0.272093 0.715517 0.130233 0.258621
0 0.213953 0.468391 0.116279 0.235632
0 0.368605 0.488506 0.127907 0.252874
0 0.184884 0.258621 0.109302 0.275862
0 0.282558 0.16954 0.132558 0.224138
0 0.363953 0.0545977 0.113953 0.109195
0 0.405814 0.255747 0.146512 0.362069
0 0.511628 0.241379 0.139535 0.356322
0 0.638372 0.272989 0.132558 0.316092
