0 0.765 0.515 0.18 0.33
0 0.91 0.34 0.18 0.36
0 0.935 0.1 0.13 0.2
0 0.7675 0.32 0.155 0.28
0 0.64 0.44 0.15 0.26
0 0.565 0.71 0.18 0.34
0 0.715 0.81 0.16 0.26
0 0.6425 0.93 0.175 0.14
0 0.86 0.785 0.15 0.29
0 0.9475 0.545 0.105 0.31
0 0.3525 0.41 0.135 0.26
0 0.27 0.23 0.13 0.2
0 0.4025 0.29 0.135 0.26
0 0.4425 0.62 0.145 0.24
0 0.4375 0.78 0.155 0.32
0 0.29 0.8 0.14 0.32
0 0.205 0.61 0.15 0.26
0 0.1525 0.45 0.135 0.24
0 0.0575 0.495 0.115 0.27
0 0.0575 0.73 0.115 0.3
0 0.08 0.92 0.14 0.16
0 0.17 0.84 0.12 0.22
0 0.195 0.96 0.13 0.08
