0 0.426667 0.748333 0.113333 0.123333
0 0.523333 0.693333 0.106667 0.106667
0 0.635 0.798333 0.0966667 0.116667
0 0.575 0.853333 0.116667 0.113333
0 0.378333 0.641667 0.136667 0.116667
0 0.258333 0.478333 0.0966667 0.0966667
0 0.468333 0.531667 0.116667 0.11
0 0.916667 0.353333 0.0733333 0.0933333
0 0.966667 0.395 0.0666667 0.09
0 0.851667 0.365 0.0966667 0.09
0 0.833333 0.268333 0.0733333 0.07
0 0.753333 0.261667 0.106667 0.103333
0 0.19 0.558333 0.0733333 0.0633333
0 0.108333 0.848333 0.0966667 0.09
0 0.2 0.925 0.08 0.0833333
