0 0.221198 0.638037 0.0737327 0.110429
0 0.320276 0.518405 0.0599078 0.128834
0 0.24424 0.52454 0.0645161 0.104294
0 0.193548 0.521472 0.0460829 0.0736196
0 0.391705 0.51227 0.0552995 0.0797546
0 0.384793 0.576687 0.0506912 0.0736196
0 0.336406 0.604294 0.0645161 0.104294
0 0.470046 0.57362 0.0737327 0.0920245
0 0.513825 0.51227 0.0506912 0.0797546
0 0.47235 0.503067 0.0599078 0.0858896
0 0.345622 0.365031 0.0645161 0.0797546
0 0.668203 0.322086 0.0829493 0.0674847
0 0.633641 0.518405 0.0506912 0.116564
0 0.691244 0.515337 0.0645161 0.0858896
0 0.725806 0.711656 0.0599078 0.110429
0 0.642857 0.745399 0.0506912 0.0674847
