3 0.614362 0.39418 0.132979 0.227513
3 0.93617 0.698413 0.12766 0.201058
3 0.840426 0.896825 0.138298 0.195767
3 0.723404 0.809524 0.138298 0.201058
3 0.558511 0.65873 0.159574 0.216931
3 0.422872 0.73545 0.164894 0.21164
3 0.218085 0.574074 0.148936 0.185185
3 0.0664894 0.677249 0.132979 0.222222
3 0.345745 0.470899 0.159574 0.179894
3 0.489362 0.460317 0.117021 0.15873
3 0.284574 0.285714 0.154255 0.169312
3 0.12234 0.325397 0.202128 0.216931
3 0.593085 0.156085 0.101064 0.121693
3 0.68883 0.291005 0.111702 0.190476
