3 0.239379 0.719363 0.0800654 0.154412
3 0.786765 0.595588 0.0800654 0.156863
3 0.703431 0.612745 0.0898693 0.161765
3 0.590686 0.594363 0.0833333 0.139706
3 0.59232 0.732843 0.106209 0.166667
3 0.474673 0.448529 0.106209 0.156863
3 0.292484 0.464461 0.111111 0.178922
3 0.361928 0.460784 0.0767974 0.102941
3 0.353758 0.835784 0.0833333 0.151961
3 0.419118 0.720588 0.102941 0.127451
3 0.496732 0.765931 0.0849673 0.154412
3 0.419118 0.841912 0.0637255 0.115196
3 0.313725 0.751225 0.0751634 0.144608
3 0.605392 0.441176 0.0964052 0.166667
3 0.535131 0.373775 0.0931373 0.154412
3 0.68219 0.378676 0.0702614 0.139706
3 0.613562 0.302696 0.0735294 0.139706
3 0.687908 0.268382 0.0653595 0.105392
3 0.515523 0.599265 0.0898693 0.183824
