3 0.799163 0.611111 0.167364 0.266667
3 0.797071 0.863889 0.188285 0.272222
3 0.596234 0.872222 0.213389 0.255556
3 0.658996 0.663889 0.146444 0.261111
3 0.884937 0.544444 0.112971 0.211111
3 0.753138 0.4 0.117155 0.222222
3 0.820084 0.213889 0.158996 0.227778
3 0.441423 0.380556 0.171548 0.316667
3 0.33682 0.169444 0.138075 0.25
3 0.493724 0.275 0.175732 0.227778
3 0.167364 0.166667 0.125523 0.2
3 0.110879 0.388889 0.171548 0.333333
3 0.253138 0.394444 0.112971 0.2
3 0.121339 0.791667 0.242678 0.338889
3 0.332636 0.916667 0.205021 0.166667
3 0.267782 0.622222 0.125523 0.233333
