3 0.681319 0.627072 0.102564 0.171271
3 0.578755 0.88674 0.117216 0.18232
3 0.435897 0.812155 0.14652 0.220994
3 0.272894 0.848066 0.164835 0.270718
3 0.155678 0.740331 0.120879 0.220994
3 0.342491 0.649171 0.0989011 0.149171
3 0.106227 0.560773 0.168498 0.292818
3 0.254579 0.348066 0.120879 0.198895
3 0.197802 0.312155 0.175824 0.303867
3 0.0586081 0.187845 0.10989 0.176796
3 0.443223 0.389503 0.190476 0.259669
3 0.333333 0.508287 0.139194 0.132597
3 0.70696 0.461326 0.0879121 0.18232
3 0.53663 0.604972 0.164835 0.259669
3 0.783883 0.640884 0.153846 0.298343
3 0.838828 0.381215 0.102564 0.198895
3 0.721612 0.273481 0.14652 0.226519
3 0.602564 0.389503 0.120879 0.226519
3 0.576923 0.226519 0.106227 0.121547
