1 0.683333 0.216667 0.266667 0.266667
1 0.545833 0.0875 0.241667 0.175
1 0.466667 0.2625 0.233333 0.225
1 0.325 0.379167 0.233333 0.208333
1 0.6125 0.408333 0.191667 0.183333
1 0.779167 0.433333 0.191667 0.2
1 0.725 0.541667 0.233333 0.233333
1 0.429167 0.479167 0.208333 0.208333
1 0.291667 0.545833 0.216667 0.191667
1 0.4625 0.645833 0.208333 0.175
1 0.491667 0.783333 0.2 0.183333
1 0.645833 0.729167 0.208333 0.191667
1 0.245833 0.904167 0.191667 0.158333
1 0.241667 0.966667 0.183333 0.0666667
1 0.404167 0.95 0.175 0.1
1 0.879167 0.895833 0.125 0.125
1 0.95 0.895833 0.1 0.158333
1 0.9 0.970833 0.166667 0.0583333
