1 0.858333 0.825 0.283333 0.35
1 0.654167 0.575 0.375 0.383333
1 0.2625 0.545833 0.458333 0.358333
1 0.3875 0.829167 0.391667 0.341667
1 0.1 0.7875 0.2 0.425
1 0.1 0.441667 0.2 0.35
1 0.120833 0.270833 0.241667 0.291667
1 0.329167 0.345833 0.291667 0.291667
1 0.633333 0.345833 0.283333 0.241667
1 0.883333 0.329167 0.233333 0.258333
1 0.908333 0.541667 0.183333 0.316667
1 0.941667 0.154167 0.116667 0.175
1 0.883333 0.0916667 0.2 0.183333
1 0.466667 0.225 0.283333 0.233333
1 0.204167 0.158333 0.258333 0.216667
1 0.529167 0.0833333 0.208333 0.166667
