1 0.704044 0.413889 0.0845588 0.127778
1 0.722426 0.527778 0.0919118 0.144444
1 0.720588 0.683333 0.0955882 0.133333
1 0.702206 0.761111 0.0588235 0.0777778
1 0.75 0.777778 0.0514706 0.1
1 0.691176 0.819444 0.0735294 0.0833333
1 0.623162 0.797222 0.0845588 0.105556
1 0.665441 0.736111 0.0735294 0.0944444
1 0.602941 0.697222 0.0588235 0.0833333
1 0.566176 0.691667 0.0735294 0.105556
1 0.547794 0.752778 0.0735294 0.0833333
1 0.505515 0.688889 0.0772059 0.111111
1 0.490809 0.6 0.0625 0.1
1 0.533088 0.605556 0.0661765 0.1
1 0.615809 0.638889 0.0551471 0.0666667
1 0.663603 0.611111 0.0772059 0.133333
1 0.772059 0.636111 0.0514706 0.105556
1 0.762868 0.538889 0.0551471 0.1
1 0.742647 0.447222 0.0735294 0.0944444
1 0.658088 0.5 0.0808824 0.111111
1 0.597426 0.555556 0.0845588 0.111111
1 0.575368 0.438889 0.0919118 0.122222
1 0.514706 0.45 0.0808824 0.1
1 0.538603 0.552778 0.0845588 0.105556
1 0.659926 0.188889 0.0772059 0.111111
1 0.654412 0.277778 0.0661765 0.1
