1 0.758475 0.916667 0.29661 0.166667
1 0.504237 0.894444 0.262712 0.166667
1 0.347458 0.941667 0.254237 0.116667
1 0.360169 0.797222 0.279661 0.161111
1 0.194915 0.872222 0.237288 0.111111
1 0.148305 0.966667 0.29661 0.0666667
1 0.0466102 0.9 0.0932203 0.155556
1 0.0677966 0.736111 0.135593 0.172222
1 0.224576 0.65 0.330508 0.166667
1 0.588983 0.652778 0.330508 0.172222
1 0.885593 0.580556 0.228814 0.138889
1 0.894068 0.752778 0.211864 0.172222
1 0.716102 0.491667 0.313559 0.172222
1 0.432203 0.491667 0.305085 0.172222
1 0.122881 0.425 0.245763 0.194444
1 0.0508475 0.569444 0.101695 0.161111
1 0.258475 0.511111 0.29661 0.166667
1 0.34322 0.316667 0.313559 0.177778
1 0.559322 0.327778 0.271186 0.177778
1 0.677966 0.191667 0.271186 0.172222
1 0.792373 0.308333 0.228814 0.161111
1 0.932203 0.233333 0.135593 0.177778
1 0.855932 0.122222 0.220339 0.133333
1 0.826271 0.0277778 0.330508 0.0555556
1 0.584746 0.0388889 0.288136 0.0777778
1 0.478814 0.130556 0.245763 0.172222
1 0.305085 0.136111 0.20339 0.15
1 0.288136 0.025 0.271186 0.05
1 0.135593 0.0777778 0.271186 0.155556
1 0.0805085 0.266667 0.161017 0.155556
