1 0.846154 0.869444 0.307692 0.216667
1 0.910256 0.936111 0.179487 0.127778
1 0.709402 0.969444 0.273504 0.0611111
1 0.606838 0.925 0.290598 0.15
1 0.299145 0.941667 0.358974 0.116667
1 0.363248 0.833333 0.350427 0.222222
1 0.564103 0.713889 0.290598 0.183333
1 0.846154 0.613889 0.307692 0.205556
1 0.935897 0.694444 0.128205 0.233333
1 0.222222 0.555556 0.324786 0.177778
1 0.0897436 0.766667 0.179487 0.188889
1 0.264957 0.755556 0.239316 0.155556
1 0.102564 0.463889 0.205128 0.138889
1 0.431624 0.411111 0.299145 0.166667
1 0.576923 0.547222 0.299145 0.183333
1 0.876068 0.466667 0.247863 0.166667
1 0.820513 0.425 0.358974 0.194444
1 0.700855 0.291667 0.222222 0.127778
1 0.905983 0.244444 0.188034 0.155556
1 0.504274 0.233333 0.222222 0.133333
1 0.282051 0.244444 0.290598 0.122222
1 0.346154 0.347222 0.264957 0.15
1 0.581197 0.338889 0.188034 0.111111
1 0.0555556 0.311111 0.111111 0.177778
1 0.162393 0.169444 0.273504 0.138889
1 0.384615 0.122222 0.239316 0.133333
1 0.602564 0.161111 0.264957 0.144444
1 0.803419 0.0888889 0.290598 0.155556
1 0.935897 0.163889 0.128205 0.15
