1 0.808036 0.886111 0.0535714 0.0722222
1 0.895089 0.894444 0.0580357 0.0777778
1 0.4375 0.833333 0.0625 0.0666667
1 0.441964 0.958333 0.0535714 0.0611111
1 0.446429 0.780556 0.0446429 0.05
1 0.368304 0.769444 0.0401786 0.0388889
1 0.283482 0.941667 0.0669643 0.0722222
1 0.1875 0.65 0.0625 0.0777778
1 0.189732 0.591667 0.0580357 0.0611111
1 0.328125 0.347222 0.0401786 0.05
1 0.410714 0.4 0.0535714 0.0777778
1 0.848214 0.380556 0.0535714 0.0611111
1 0.792411 0.280556 0.0491071 0.0611111
1 0.65625 0.158333 0.0446429 0.05
1 0.683036 0.205556 0.0535714 0.0666667
1 0.640625 0.252778 0.0669643 0.0833333
1 0.604911 0.158333 0.0491071 0.0611111
1 0.522321 0.2 0.0535714 0.0555556
1 0.430804 0.269444 0.0401786 0.0611111
