2 0.846154 0.35061 0.0904977 0.103659
2 0.886878 0.582317 0.081448 0.103659
2 0.975113 0.496951 0.040724 0.103659
2 0.466063 0.810976 0.081448 0.097561
2 0.640271 0.521341 0.0769231 0.103659
2 0.468326 0.420732 0.0769231 0.0853659
2 0.359729 0.417683 0.0769231 0.0914634
2 0.138009 0.57622 0.0769231 0.0914634
2 0.115385 0.472561 0.0678733 0.0914634
2 0.0180995 0.625 0.0361991 0.0914634
2 0.260181 0.231707 0.0859729 0.109756
2 0.352941 0.256098 0.0723982 0.097561
2 0.504525 0.106707 0.0588235 0.0792683
2 0.579186 0.283537 0.081448 0.0914634
