2 0.844398 0.427778 0.103734 0.133333
2 0.73029 0.825 0.0912863 0.127778
2 0.325726 0.805556 0.112033 0.155556
2 0.43361 0.841667 0.120332 0.15
2 0.273859 0.705556 0.116183 0.166667
2 0.630705 0.786111 0.107884 0.15
2 0.529046 0.75 0.120332 0.166667
2 0.748963 0.575 0.0954357 0.116667
2 0.653527 0.291667 0.0954357 0.116667
2 0.377593 0.522222 0.0912863 0.111111
2 0.448133 0.641667 0.0995851 0.15
2 0.385892 0.675 0.0995851 0.127778
2 0.591286 0.641667 0.0871369 0.127778
2 0.680498 0.677778 0.0995851 0.133333
2 0.508299 0.455556 0.103734 0.133333
2 0.670124 0.427778 0.0871369 0.144444
2 0.759336 0.422222 0.0746888 0.111111
2 0.775934 0.672222 0.0995851 0.122222
2 0.609959 0.544444 0.0912863 0.122222
2 0.487552 0.566667 0.112033 0.122222
2 0.823651 0.55 0.0705394 0.122222
