2 0.551282 0.611538 0.0307692 0.0461538
2 0.558974 0.676923 0.0205128 0.0384615
2 0.638462 0.530769 0.0205128 0.0461538
2 0.54359 0.517308 0.025641 0.0346154
2 0.402564 0.576923 0.025641 0.0384615
2 0.319231 0.730769 0.0282051 0.0461538
2 0.0115385 0.786538 0.0230769 0.05
2 0.191026 0.367308 0.0230769 0.0423077
2 0.217949 0.330769 0.025641 0.0384615
2 0.148718 0.315385 0.025641 0.0384615
2 0.0948718 0.315385 0.0205128 0.0307692
2 0.0192308 0.315385 0.0282051 0.0384615
2 0.25641 0.25 0.025641 0.0307692
2 0.580769 0.342308 0.0282051 0.0461538
2 0.512821 0.344231 0.0205128 0.0346154
2 0.625641 0.276923 0.0205128 0.0384615
2 0.607692 0.246154 0.0205128 0.0230769
2 0.576923 0.234615 0.0205128 0.0307692
2 0.687179 0.326923 0.0153846 0.0230769
2 0.791026 0.269231 0.0179487 0.0230769
2 0.892308 0.346154 0.0205128 0.0307692
2 0.844872 0.692308 0.0230769 0.0461538
2 0.842308 0.946154 0.0282051 0.0538462
2 0.971795 0.561538 0.0205128 0.0307692
2 0.412821 0.201923 0.0205128 0.0346154
2 0.407692 0.0846154 0.0205128 0.0307692
2 0.457692 0.0903846 0.0128205 0.0269231
