2 0.587179 0.155769 0.0307692 0.0576923
2 0.328205 0.594231 0.0512821 0.0884615
2 0.541026 0.575 0.0564103 0.0730769
2 0.410256 0.544231 0.0461538 0.0653846
2 0.419231 0.698077 0.0435897 0.05
2 0.491026 0.665385 0.0333333 0.0461538
2 0.458974 0.636538 0.0358974 0.0423077
2 0.419231 0.632692 0.0384615 0.0576923
2 0.374359 0.678846 0.0307692 0.0423077
2 0.45641 0.690385 0.025641 0.0346154
2 0.465385 0.584615 0.0333333 0.0461538
2 0.525641 0.461538 0.0358974 0.0461538
2 0.478205 0.463462 0.0435897 0.0576923
2 0.498718 0.519231 0.0384615 0.0384615
2 0.484615 0.567308 0.0307692 0.05
2 0.455128 0.538462 0.0282051 0.0461538
2 0.429487 0.498077 0.0282051 0.0423077
2 0.435897 0.459615 0.025641 0.0346154
