2 0.604839 0.858156 0.0806452 0.113475
2 0.723118 0.687943 0.0806452 0.113475
2 0.548387 0.648936 0.0752688 0.106383
2 0.607527 0.58156 0.0752688 0.0851064
2 0.712366 0.524823 0.0591398 0.113475
2 0.879032 0.343972 0.0483871 0.0921986
2 0.766129 0.315603 0.0591398 0.0921986
2 0.833333 0.244681 0.0752688 0.0921986
2 0.612903 0.269504 0.0537634 0.070922
2 0.489247 0.255319 0.0537634 0.070922
2 0.33871 0.404255 0.0645161 0.0851064
2 0.16129 0.542553 0.0752688 0.0921986
2 0.276882 0.230496 0.0591398 0.0780142
2 0.317204 0.0141844 0.0322581 0.0283688
2 0.491935 0.0248227 0.0698925 0.0496454
