2 0.479365 0.838889 0.0888889 0.166667
2 0.385714 0.741667 0.0666667 0.105556
2 0.201587 0.552778 0.11746 0.138889
2 0.688889 0.811111 0.0634921 0.155556
2 0.777778 0.766667 0.101587 0.133333
2 0.685714 0.969444 0.120635 0.0611111
2 0.814286 0.611111 0.0603175 0.0777778
2 0.773016 0.544444 0.0603175 0.0888889
2 0.771429 0.386111 0.0571429 0.0722222
2 0.890476 0.297222 0.0666667 0.0944444
2 0.636508 0.336111 0.047619 0.0611111
2 0.695238 0.319444 0.0444444 0.0722222
2 0.779365 0.275 0.0349206 0.0722222
2 0.830159 0.155556 0.047619 0.0888889
2 0.477778 0.344444 0.0349206 0.0555556
2 0.422222 0.355556 0.0380952 0.0555556
2 0.109524 0.661111 0.0539683 0.0666667
2 0.460317 0.25 0.0380952 0.0777778
2 0.955556 0.105556 0.0444444 0.0666667
