0 0.042301 0.137620 0.036097 0.037225
0 0.012408 0.130288 0.022561 0.029329
0 0.225042 0.308517 0.039481 0.028201
0 0.237451 0.387479 0.027073 0.027073
0 0.297800 0.156514 0.037225 0.043429
0 0.252679 0.177947 0.033841 0.034405
0 0.289904 0.119853 0.032713 0.028765
0 0.332205 0.146926 0.030457 0.035533
0 0.351664 0.136492 0.028765 0.036097
0 0.383531 0.162155 0.021433 0.027637
0 0.355894 0.178793 0.025945 0.031585
0 0.342640 0.222222 0.023125 0.020305
0 0.373096 0.197970 0.021997 0.027073
0 0.357304 0.237451 0.019741 0.025945
0 0.437676 0.241117 0.028201 0.020869
0 0.478003 0.172871 0.036661 0.036661
0 0.510152 0.178511 0.028765 0.038917
0 0.566554 0.209814 0.029893 0.043993
0 0.562324 0.250141 0.037225 0.031021
0 0.510716 0.259165 0.027637 0.021997
0 0.519177 0.315849 0.035533 0.041737
0 0.802312 0.095319 0.037789 0.046249
0 0.784546 0.082628 0.027073 0.034405
0 0.733221 0.061760 0.040609 0.036661
0 0.733503 0.012690 0.036661 0.024253
0 0.701354 0.030739 0.038917 0.037789
0 0.870840 0.092499 0.050761 0.021433
0 0.320643 0.412296 0.059222 0.051889
0 0.307953 0.462211 0.057530 0.045685
0 0.270446 0.597011 0.054710 0.054710
0 0.368866 0.721940 0.048505 0.040609
0 0.512126 0.767625 0.046249 0.050761
0 0.607163 0.750141 0.053582 0.062042
0 0.457417 0.584884 0.059786 0.047377
0 0.446983 0.539199 0.043429 0.041737
0 0.454033 0.496898 0.055274 0.046249
0 0.363226 0.404963 0.051889 0.054146
0 0.413424 0.464185 0.069938 0.064298
0 0.447547 0.436548 0.037789 0.036097
0 0.417372 0.385787 0.069938 0.062042
0 0.488720 0.457135 0.046813 0.052453
0 0.494360 0.393401 0.058094 0.063734
0 0.455161 0.383249 0.027073 0.033277
0 0.574168 0.372814 0.074450 0.069938
0 0.543147 0.470389 0.073322 0.078962
0 0.645516 0.450931 0.065990 0.071630
0 0.631698 0.370276 0.053017 0.059222
0 0.664975 0.413142 0.060914 0.042301
0 0.710660 0.491258 0.065426 0.059786
0 0.714326 0.562324 0.047941 0.037225
0 0.653130 0.553017 0.046249 0.051325
0 0.712352 0.636492 0.039481 0.040045
0 0.795544 0.676537 0.040045 0.034405
0 0.778342 0.457417 0.046249 0.048505
0 0.681613 0.355048 0.042301 0.050197
0 0.754371 0.360124 0.040045 0.037789
0 0.794698 0.324027 0.041737 0.047941
0 0.729836 0.327693 0.043993 0.040609
0 0.728144 0.296954 0.046249 0.026509
0 0.691201 0.320079 0.032149 0.023125
0 0.839538 0.481387 0.047941 0.055838
0 0.883249 0.472081 0.036097 0.050761
0 0.900451 0.506768 0.041173 0.044557
0 0.944162 0.505076 0.045121 0.062606
0 0.828821 0.445008 0.055838 0.037225
0 0.013536 0.523971 0.023689 0.038353
