0 0.738579 0.134236 0.026509 0.030457
0 0.592499 0.571066 0.086294 0.086294
0 0.662155 0.463621 0.073322 0.071066
0 0.649746 0.421602 0.046249 0.014100
0 0.713198 0.514664 0.068246 0.076142
0 0.695431 0.610829 0.078962 0.080090
0 0.632262 0.649746 0.064298 0.071066
0 0.479977 0.595883 0.075578 0.070502
0 0.487310 0.519459 0.074450 0.063170
0 0.548787 0.454597 0.062042 0.060914
0 0.470953 0.472363 0.074450 0.064862
0 0.507332 0.408347 0.047941 0.043993
0 0.560350 0.394529 0.055838 0.044557
0 0.205302 0.950649 0.029329 0.023125
0 0.171461 0.957135 0.033841 0.023689
0 0.194585 0.987310 0.033841 0.020869
0 0.199662 0.920192 0.023689 0.023125
