0 0.232657 0.227580 0.054710 0.053582
0 0.310491 0.244219 0.072758 0.075578
0 0.370558 0.286238 0.063170 0.050197
0 0.338973 0.309927 0.050761 0.047941
0 0.374224 0.156232 0.061478 0.057530
0 0.522279 0.224760 0.046249 0.038917
0 0.619571 0.345178 0.049069 0.042865
0 0.604343 0.381839 0.029893 0.042865
0 0.556966 0.344614 0.041173 0.033841
0 0.204174 0.368302 0.047377 0.038353
0 0.207558 0.442752 0.041737 0.028201
0 0.132262 0.444162 0.049069 0.031021
0 0.097857 0.360688 0.041173 0.041173
0 0.080654 0.403835 0.046249 0.034969
0 0.220812 0.553582 0.038917 0.031021
0 0.716018 0.169487 0.070502 0.072758
0 0.773830 0.206148 0.058658 0.056966
0 0.720248 0.248449 0.062042 0.052453
0 0.875635 0.437676 0.116751 0.125212
0 0.778624 0.413706 0.076142 0.071630
0 0.786238 0.482234 0.083474 0.064298
0 0.939086 0.553299 0.095883 0.084602
0 0.571630 0.516074 0.053582 0.046249
0 0.490412 0.597293 0.065990 0.051889
0 0.426960 0.596729 0.068810 0.066554
0 0.888607 0.770728 0.143824 0.149464
0 0.981669 0.789622 0.036661 0.086858
