0 0.185279 0.284264 0.082910 0.102651 
0 0.248167 0.340948 0.066554 0.067118 
0 0.291314 0.293288 0.061478 0.077834 
0 0.351946 0.288212 0.049633 0.059786 
0 0.069656 0.047095 0.021997 0.026509 
0 0.440214 0.410886 0.027637 0.038917 
0 0.469543 0.423858 0.032149 0.028765 
0 0.588268 0.503384 0.067682 0.059222 
0 0.656796 0.549633 0.070502 0.080654 
0 0.767908 0.502256 0.058094 0.068246 
0 0.890581 0.547095 0.058658 0.039481 
0 0.821771 0.727298 0.059786 0.071630 
0 0.903271 0.783418 0.059222 0.046249 
0 0.289904 0.548505 0.031585 0.024253 
0 0.247321 0.593627 0.027637 0.038917 
0 0.294980 0.628032 0.037225 0.032149 
0 0.545121 0.869994 0.045685 0.070502 
0 0.493796 0.829103 0.044557 0.057530 
0 0.479131 0.871122 0.041173 0.033277 
0 0.648900 0.908347 0.040045 0.038917 
0 0.718838 0.910603 0.040045 0.042301 
0 0.687253 0.955443 0.028765 0.033841 
0 0.762831 0.956289 0.036661 0.036661 
0 0.796108 0.925550 0.034405 0.039481 
0 0.140158 0.986182 0.038917 0.025381 
0 0.658488 0.848844 0.038917 0.019177 
