0 0.039199 0.017202 0.046813 0.031021 
0 0.070502 0.061478 0.033841 0.037225 
0 0.255499 0.106035 0.028201 0.033841 
0 0.285956 0.125776 0.016920 0.024817 
0 0.304287 0.106035 0.020869 0.020305 
0 0.257473 0.406655 0.027637 0.029329 
0 0.069656 0.479977 0.047941 0.047377 
0 0.010716 0.494924 0.019177 0.035533 
0 0.372250 0.414270 0.042865 0.035533 
0 0.395657 0.449239 0.053582 0.042301 
0 0.432318 0.504794 0.034405 0.034969 
0 0.484772 0.503102 0.043429 0.045121 
0 0.508742 0.457417 0.046249 0.048505 
0 0.583756 0.465031 0.049633 0.051325 
0 0.598703 0.431190 0.044557 0.043429 
0 0.564862 0.362380 0.050197 0.043429 
0 0.960519 0.742245 0.024817 0.032713 
0 0.988156 0.699944 0.016920 0.033841 
0 0.971235 0.170333 0.029329 0.042865 
0 0.995206 0.161309 0.007332 0.037225 
