0 0.173435 0.013818 0.026509 0.019741
0 0.152566 0.043147 0.024253 0.020869
0 0.009306 0.053299 0.016356 0.020869
0 0.020023 0.167513 0.021997 0.022561
0 0.111111 0.199380 0.020305 0.017484
0 0.137620 0.192893 0.015792 0.016920
0 0.155104 0.181049 0.020305 0.020305
0 0.461929 0.014946 0.027073 0.023125
0 0.379019 0.055274 0.033841 0.045121
0 0.341512 0.067400 0.031021 0.024253
0 0.308517 0.095601 0.037225 0.054710
0 0.339820 0.108009 0.028765 0.043429
0 0.379301 0.104907 0.029893 0.039481
0 0.359278 0.175691 0.027073 0.026509
0 0.358714 0.150874 0.023689 0.021997
0 0.337845 0.174563 0.018049 0.025381
0 0.343486 0.204456 0.021433 0.029893
0 0.756345 0.034687 0.037225 0.031021
0 0.788776 0.010152 0.036661 0.015792
0 0.859278 0.036661 0.047941 0.046249
0 0.833333 0.073886 0.031021 0.031585
0 0.656514 0.115623 0.038353 0.039481
0 0.686689 0.148336 0.037789 0.033841
0 0.701636 0.192329 0.032713 0.032713
0 0.715172 0.250987 0.039481 0.038353
0 0.658488 0.212916 0.041173 0.043429
0 0.643542 0.264523 0.037225 0.038353
0 0.616187 0.168923 0.050197 0.047941
0 0.615341 0.132826 0.038353 0.029893
0 0.581218 0.130852 0.036661 0.030457
0 0.554146 0.166949 0.047941 0.041737
0 0.529047 0.187817 0.038353 0.042865
0 0.584038 0.241963 0.047941 0.040609
0 0.563734 0.205866 0.047941 0.022561
0 0.528201 0.262267 0.049069 0.047377
0 0.497462 0.237169 0.038353 0.040045
0 0.517766 0.294980 0.031585 0.024817
0 0.333333 0.295826 0.043993 0.040045
0 0.309363 0.347434 0.038917 0.034969
0 0.325437 0.379301 0.034969 0.024253
0 0.266497 0.329949 0.047941 0.048505
0 0.270164 0.379019 0.041737 0.041737
0 0.265933 0.285392 0.033277 0.029329
0 0.297518 0.300338 0.029893 0.026509
0 0.319797 0.267625 0.039481 0.026509
0 0.235477 0.326565 0.023125 0.036097
0 0.214044 0.379301 0.024253 0.018613
0 0.221940 0.400169 0.023125 0.018613
0 0.192893 0.463057 0.027073 0.020305
0 0.195995 0.485336 0.021997 0.017484
0 0.120699 0.426960 0.025945 0.020305
0 0.089679 0.421884 0.023689 0.016920
0 0.075014 0.441342 0.027073 0.018613
0 0.100677 0.457417 0.020869 0.012408
0 0.078398 0.465595 0.021433 0.018613
0 0.132826 0.467005 0.023125 0.018049
0 0.125212 0.489566 0.027073 0.020305
0 0.153694 0.495488 0.020869 0.020869
0 0.106881 0.507896 0.028765 0.024253
0 0.133390 0.535533 0.029893 0.024253
0 0.114777 0.534969 0.018613 0.018613
0 0.694867 0.436266 0.115059 0.108855
0 0.660180 0.344332 0.095319 0.087422
0 0.737733 0.317823 0.078962 0.070502
0 0.818669 0.381839 0.098703 0.093627
0 0.831641 0.487310 0.105471 0.098139
0 0.734067 0.529329 0.086294 0.079526
0 0.708404 0.564580 0.086858 0.057530
0 0.631134 0.492386 0.095883 0.083474
0 0.616469 0.417372 0.050761 0.051889
0 0.168077 0.608291 0.036097 0.028765
0 0.155386 0.650310 0.043429 0.040609
0 0.157360 0.686689 0.034969 0.027637
0 0.218556 0.671461 0.029893 0.036661
0 0.179639 0.710660 0.035533 0.022561
0 0.186689 0.743373 0.029329 0.020305
0 0.107445 0.621545 0.045685 0.037225
0 0.085166 0.657360 0.042865 0.036661
0 0.071630 0.698534 0.034969 0.037789
0 0.063734 0.617879 0.039481 0.031021
0 0.037225 0.654258 0.042865 0.030457
0 0.036379 0.678511 0.037789 0.015792
0 0.518895 0.866328 0.046249 0.048505
0 0.504230 0.913988 0.041737 0.042301
0 0.544275 0.967851 0.055274 0.058658
0 0.443880 0.939086 0.055274 0.051889
0 0.502538 0.972081 0.033841 0.038917
0 0.436548 0.895375 0.047377 0.034405
0 0.395939 0.972927 0.047377 0.043993
0 0.453469 0.989566 0.058658 0.015228
0 0.052171 0.970389 0.045685 0.054710
0 0.020305 0.928088 0.037225 0.040045
0 0.120699 0.989566 0.034969 0.017484
0 0.143542 0.959955 0.040045 0.034969
0 0.009306 0.096729 0.014100 0.018613
0 0.036661 0.150028 0.019177 0.018049
