0 0.793852 0.040609 0.036661 0.024817
0 0.815849 0.083192 0.028765 0.020869
0 0.791596 0.087704 0.025381 0.023125
0 0.785110 0.061760 0.025945 0.019741
0 0.756627 0.060068 0.029893 0.028765
0 0.758319 0.086012 0.019741 0.018613
0 0.732939 0.084038 0.028765 0.023689
0 0.732092 0.059504 0.016920 0.025381
0 0.819515 0.107445 0.024817 0.021997
0 0.908629 0.136774 0.031585 0.023125
0 0.898759 0.161309 0.025381 0.019177
0 0.978849 0.095037 0.029893 0.036661
0 0.806543 0.204174 0.049633 0.059786
0 0.743655 0.228990 0.059222 0.054146
0 0.743937 0.153412 0.058658 0.060914
0 0.771856 0.149182 0.029893 0.051325
0 0.697124 0.130852 0.041737 0.043993
0 0.682177 0.195995 0.053582 0.063734
0 0.673717 0.287648 0.021997 0.047377
0 0.635646 0.225042 0.051889 0.062042
0 0.746757 0.282290 0.029329 0.040045
0 0.852792 0.281726 0.036097 0.025381
0 0.767343 0.326001 0.036661 0.031585
0 0.737169 0.335307 0.042865 0.036661
0 0.852510 0.370840 0.041173 0.024253
0 0.895657 0.386069 0.023689 0.020869
0 0.234349 0.320079 0.045685 0.040045
0 0.287084 0.326283 0.041737 0.041173
0 0.301466 0.371686 0.044557 0.042865
0 0.323463 0.404681 0.031021 0.024253
0 0.345742 0.424986 0.032713 0.033277
0 0.301184 0.459109 0.037225 0.024817
0 0.241681 0.427242 0.044557 0.045685
0 0.198534 0.365764 0.048505 0.041173
0 0.247039 0.364354 0.051889 0.050761
0 0.199380 0.411168 0.043429 0.040609
0 0.044275 0.458827 0.036661 0.031021
0 0.043147 0.511844 0.037789 0.035533
0 0.504512 0.529047 0.043429 0.041737
0 0.549351 0.502256 0.045121 0.023125
0 0.558376 0.527073 0.039481 0.033277
0 0.594473 0.567400 0.039481 0.042865
0 0.556120 0.569938 0.049633 0.047941
0 0.522843 0.609701 0.046249 0.046249
0 0.593627 0.611957 0.050197 0.034969
0 0.595883 0.654258 0.043429 0.037225
0 0.652284 0.632262 0.059222 0.055274
0 0.689227 0.593627 0.053017 0.051325
0 0.646362 0.601805 0.036097 0.021433
0 0.765369 0.628032 0.056402 0.050197
0 0.759165 0.670051 0.048505 0.040609
0 0.730400 0.732375 0.057530 0.058094
0 0.674845 0.721658 0.051325 0.053582
0 0.610547 0.721658 0.058094 0.053582
0 0.595319 0.694585 0.059222 0.032149
0 0.671743 0.871122 0.047377 0.042301
0 0.689791 0.911732 0.041737 0.037789
