0 0.304287 0.068810 0.088550 0.081218 
0 0.570502 0.037225 0.078398 0.071066 
0 0.703892 0.285674 0.130852 0.134800 
0 0.612521 0.256345 0.091371 0.078398 
0 0.614777 0.308799 0.080090 0.055838 
0 0.683587 0.421884 0.097011 0.099267 
0 0.539763 0.362944 0.097011 0.103215 
0 0.406937 0.316413 0.078398 0.083474 
0 0.460237 0.385505 0.068810 0.081782 
0 0.361816 0.361816 0.075014 0.062606 
0 0.399605 0.442188 0.054710 0.050761 
0 0.294416 0.327129 0.075578 0.060914 
0 0.285674 0.404117 0.099831 0.102087 
0 0.344332 0.523689 0.069374 0.058094 
0 0.241399 0.512126 0.095883 0.103779 
0 0.183869 0.506204 0.050761 0.077270 
0 0.534123 0.291596 0.051889 0.047377 
0 0.506768 0.259729 0.049069 0.043429 
0 0.548787 0.593345 0.085730 0.087986 
0 0.670051 0.651438 0.081218 0.082346 
0 0.861252 0.767625 0.091371 0.074450 
0 0.759729 0.869712 0.049633 0.046249 
0 0.944162 0.974619 0.047377 0.047377 
0 0.672025 0.989284 0.054710 0.021433 
0 0.764523 0.931754 0.044557 0.051889 
0 0.678511 0.917936 0.062042 0.059222 
0 0.612521 0.928088 0.045121 0.041173 
0 0.603497 0.862380 0.074450 0.072194 
0 0.532431 0.883531 0.057530 0.064862 
0 0.554710 0.816131 0.040045 0.040609 
0 0.556684 0.676819 0.073322 0.065426 
0 0.515228 0.686125 0.029893 0.060350 
0 0.456007 0.716864 0.053582 0.050761 
0 0.415116 0.748449 0.046249 0.042865 
0 0.453187 0.817823 0.089679 0.101523 
0 0.372250 0.850536 0.059786 0.065426 
0 0.402143 0.875353 0.033841 0.038353 
0 0.293852 0.965595 0.045121 0.040609 
