0 0.862380 0.032713 0.036097 0.039481
0 0.806261 0.293006 0.044557 0.041173
0 0.825155 0.266497 0.042865 0.050197
0 0.803440 0.359278 0.044557 0.043993
0 0.714326 0.375353 0.033277 0.050197
0 0.655950 0.432600 0.065426 0.055274
0 0.588832 0.497744 0.038353 0.038917
0 0.535251 0.521997 0.038353 0.034405
0 0.456571 0.331077 0.069374 0.071066
0 0.465313 0.397631 0.060914 0.057530
0 0.381557 0.171179 0.062606 0.060350
0 0.418218 0.219966 0.042301 0.043993
0 0.311055 0.178511 0.070502 0.071630
0 0.048223 0.232939 0.040045 0.038353
0 0.051607 0.368302 0.034405 0.032713
0 0.047659 0.430344 0.037789 0.031585
0 0.159898 0.364072 0.035533 0.037789
0 0.188099 0.414270 0.040045 0.040045
0 0.264241 0.376199 0.033277 0.038353
0 0.217710 0.360406 0.032713 0.037225
0 0.132544 0.346588 0.028201 0.029893
0 0.239707 0.416244 0.037225 0.024817
0 0.963339 0.643824 0.039481 0.038917
0 0.923012 0.692329 0.046813 0.041173
0 0.871122 0.726734 0.033277 0.040045
0 0.672307 0.705020 0.059786 0.062042
0 0.635364 0.753807 0.060350 0.070502
0 0.588832 0.702482 0.065426 0.059222
0 0.500564 0.679357 0.058094 0.054710
0 0.447265 0.729554 0.042865 0.024253
0 0.540045 0.793570 0.046813 0.053017
0 0.601241 0.846024 0.046249 0.038353
0 0.610547 0.879019 0.035533 0.025381
0 0.543993 0.875635 0.055838 0.053582
0 0.466723 0.859560 0.045685 0.037225
0 0.569092 0.758601 0.033841 0.030457
0 0.481951 0.820361 0.052453 0.036661
0 0.519741 0.840102 0.041173 0.026509
0 0.627468 0.158206 0.023125 0.027637
0 0.574168 0.192047 0.029329 0.019741
0 0.562042 0.157078 0.033277 0.025381
