0 0.961929 0.397913 0.050197 0.047941
0 0.475747 0.404399 0.075014 0.077834
0 0.494078 0.503102 0.063170 0.074450
0 0.544557 0.517202 0.040045 0.055274
0 0.540045 0.564580 0.049069 0.043993
0 0.463621 0.573886 0.062042 0.059222
0 0.383249 0.582628 0.064862 0.058658
0 0.344614 0.576706 0.028201 0.042301
0 0.362944 0.513818 0.080654 0.074450
0 0.405527 0.417936 0.063170 0.059786
0 0.295262 0.399041 0.068246 0.064862
0 0.277778 0.479695 0.065990 0.070502
0 0.231528 0.456007 0.019741 0.021997
0 0.230682 0.421038 0.025945 0.027637
0 0.207558 0.403835 0.018049 0.024817
0 0.181613 0.417372 0.029329 0.027073
0 0.208968 0.465313 0.020869 0.024817
0 0.193739 0.446983 0.018613 0.018613
0 0.549915 0.729272 0.037225 0.031585
0 0.554710 0.764805 0.040045 0.041737
0 0.577270 0.802876 0.045685 0.038917
0 0.549633 0.813875 0.033277 0.031585
0 0.503666 0.832769 0.038353 0.037789
0 0.514382 0.795544 0.038353 0.041173
0 0.492950 0.743373 0.027073 0.039481
0 0.470953 0.780880 0.034969 0.031021
0 0.489848 0.918218 0.026509 0.028201
0 0.450649 0.941624 0.029329 0.027637
