0 0.022279 0.027355 0.036661 0.047941 
0 0.837281 0.096165 0.040045 0.043429 
0 0.742809 0.066272 0.023689 0.029893 
0 0.341794 0.270446 0.034969 0.050197 
0 0.250705 0.339820 0.026509 0.037789 
0 0.234349 0.354766 0.023125 0.039481 
0 0.067118 0.362098 0.042865 0.043993 
0 0.108009 0.410039 0.038917 0.042865 
0 0.057248 0.413706 0.032149 0.041173 
0 0.029047 0.405245 0.028765 0.028765 
0 0.501974 0.435702 0.081218 0.073886 
0 0.333333 0.446136 0.091371 0.084602 
0 0.391145 0.562606 0.064862 0.079526 
0 0.498026 0.556120 0.069938 0.086858 
0 0.673153 0.674563 0.050197 0.074450 
0 0.490130 0.664693 0.068810 0.084038 
0 0.576988 0.828257 0.041737 0.050197 
0 0.237169 0.836435 0.032149 0.039481 
0 0.263113 0.729554 0.029893 0.033277 
