0 0.758037 0.163847 0.054146 0.062606
0 0.283700 0.284264 0.074450 0.059786
0 0.391145 0.347998 0.085166 0.073322
0 0.521997 0.391709 0.073886 0.062606
0 0.396785 0.417090 0.061478 0.054710
0 0.262267 0.382403 0.069938 0.064298
0 0.325437 0.397349 0.036097 0.046813
0 0.535815 0.499436 0.057530 0.071630
0 0.611393 0.623519 0.040609 0.051325
0 0.314439 0.736041 0.079526 0.075578
0 0.436548 0.781444 0.060914 0.077270
0 0.517202 0.858432 0.075578 0.093627
0 0.461083 0.892273 0.060350 0.080090
0 0.358714 0.891991 0.048505 0.071630
0 0.406091 0.847716 0.053017 0.050761
