0 0.330795 0.046531 0.036661 0.035533
0 0.400733 0.080090 0.031021 0.034969
0 0.324591 0.112239 0.029893 0.024817
0 0.392837 0.219684 0.081782 0.082910
0 0.473491 0.240271 0.044557 0.058658
0 0.313311 0.302876 0.073886 0.080090
0 0.202482 0.341794 0.093627 0.098139
0 0.316977 0.429216 0.082346 0.074450
0 0.265933 0.515228 0.088550 0.077270
0 0.343768 0.598421 0.064862 0.060914
0 0.558940 0.424422 0.083474 0.070502
0 0.627468 0.564862 0.071630 0.068246
0 0.687535 0.635082 0.056402 0.058658
0 0.568246 0.646644 0.060350 0.060350
0 0.950367 0.717992 0.023689 0.036097
0 0.818105 0.794980 0.033277 0.040045
0 0.602369 0.760293 0.047377 0.041737
0 0.455725 0.751833 0.050761 0.049633
0 0.414834 0.778342 0.052453 0.048505
0 0.297236 0.783700 0.057530 0.075014
0 0.360406 0.844896 0.062042 0.067682
0 0.206712 0.554146 0.032149 0.035533
0 0.158488 0.427242 0.031585 0.026509
0 0.186689 0.416244 0.025945 0.027073
0 0.086012 0.413142 0.023125 0.023125
0 0.079526 0.325155 0.024817 0.023125
0 0.597293 0.298364 0.031585 0.027073
0 0.284828 0.130852 0.024817 0.023689
0 0.408065 0.126340 0.032149 0.022561
0 0.576706 0.064016 0.023125 0.018613
0 0.626058 0.058658 0.022561 0.020305
0 0.638748 0.019459 0.019741 0.026509
0 0.556120 0.027355 0.021433 0.017484
0 0.970953 0.354202 0.024253 0.030457
