0 0.083756 0.156232 0.032149 0.030457
0 0.780598 0.064580 0.039481 0.035533
0 0.967287 0.335871 0.046249 0.068246
0 0.401579 0.357586 0.057530 0.058658
0 0.423012 0.309645 0.058658 0.060914
0 0.494924 0.301748 0.062606 0.081218
0 0.521715 0.332487 0.043993 0.061478
0 0.556966 0.269318 0.047941 0.050197
0 0.646362 0.297236 0.076706 0.076706
0 0.681331 0.382121 0.054146 0.055838
0 0.657924 0.423294 0.054710 0.063734
0 0.717710 0.440778 0.051325 0.044557
0 0.767343 0.503666 0.065990 0.080090
0 0.459955 0.399605 0.071630 0.077270
0 0.532713 0.492668 0.068246 0.086294
0 0.642696 0.522279 0.055838 0.048505
0 0.616187 0.487874 0.046813 0.047377
0 0.030739 0.580090 0.053582 0.054710
0 0.268190 0.776650 0.036661 0.039481
0 0.115059 0.769600 0.049633 0.051325
0 0.087140 0.836999 0.065990 0.057530
0 0.959391 0.478567 0.059786 0.069374
