0 0.049351 0.215736 0.036661 0.036661
0 0.080936 0.213480 0.025381 0.024253
0 0.100677 0.240553 0.033277 0.024253
0 0.025381 0.286802 0.036097 0.029893
0 0.174845 0.141286 0.043993 0.042301
0 0.205866 0.086294 0.045121 0.038353
0 0.157642 0.084038 0.046813 0.041737
0 0.112521 0.098421 0.047941 0.045685
0 0.136210 0.038635 0.050197 0.047941
0 0.112521 0.059786 0.031021 0.032713
0 0.170615 0.013818 0.040045 0.023125
0 0.182741 0.049633 0.031585 0.027073
0 0.239989 0.035251 0.034405 0.038917
0 0.228708 0.016356 0.037789 0.024817
0 0.302030 0.220530 0.034405 0.031585
0 0.741117 0.272984 0.111675 0.102651
0 0.767625 0.369148 0.084602 0.088550
0 0.654822 0.449239 0.118443 0.117879
0 0.571066 0.386069 0.103215 0.095319
0 0.521151 0.284264 0.110547 0.100395
0 0.532431 0.496898 0.081218 0.093627
0 0.573322 0.443034 0.056966 0.028765
0 0.615341 0.207840 0.097011 0.082910
0 0.687817 0.201918 0.034405 0.033841
0 0.811619 0.280880 0.031585 0.032713
0 0.849126 0.288494 0.028765 0.032149
0 0.308799 0.559222 0.044557 0.049069
0 0.252679 0.604343 0.046249 0.049069
0 0.209814 0.620417 0.054146 0.049633
0 0.218274 0.574732 0.039481 0.042865
0 0.204456 0.522561 0.038917 0.037789
0 0.241681 0.544839 0.069374 0.059786
0 0.270446 0.514664 0.061478 0.040045
