0 0.208686 0.010152 0.034969 0.015792
0 0.134800 0.013254 0.031585 0.021997
0 0.164411 0.008178 0.027637 0.012972
0 0.021151 0.078116 0.016356 0.014100
0 0.011562 0.088268 0.014100 0.014100
0 0.309927 0.067682 0.026509 0.028201
0 0.336435 0.079526 0.027637 0.021433
0 0.372532 0.096729 0.023125 0.028765
0 0.317259 0.108291 0.023125 0.021433
0 0.342358 0.101523 0.015792 0.021433
0 0.329949 0.052171 0.020305 0.017484
0 0.348562 0.062888 0.024817 0.014100
0 0.777214 0.009588 0.014664 0.015792
0 0.873942 0.015792 0.017484 0.015792
0 0.894811 0.020023 0.008460 0.016356
0 0.079808 0.146080 0.019741 0.012408
0 0.060068 0.156796 0.012972 0.011280
0 0.146644 0.199662 0.014664 0.013536
0 0.130852 0.223632 0.025945 0.016356
0 0.199944 0.207276 0.035533 0.032149
0 0.235195 0.214044 0.031585 0.031021
0 0.271292 0.254371 0.032713 0.025945
0 0.271010 0.225888 0.031021 0.026509
0 0.260293 0.207840 0.016356 0.015228
0 0.224196 0.250705 0.037789 0.032149
0 0.313875 0.343486 0.038917 0.037225
0 0.349126 0.377045 0.031585 0.029893
0 0.371968 0.375635 0.016356 0.023689
0 0.355330 0.402707 0.039481 0.022561
0 0.386915 0.419064 0.023689 0.019177
0 0.316977 0.428652 0.037225 0.032713
0 0.310773 0.387479 0.032713 0.028201
0 0.281726 0.368866 0.027637 0.029329
0 0.285956 0.403553 0.022561 0.020869
0 0.381275 0.450931 0.043993 0.036661
0 0.426114 0.482798 0.034405 0.033841
0 0.382403 0.491540 0.030457 0.033277
0 0.360406 0.440778 0.023689 0.033277
0 0.332205 0.484490 0.041737 0.039481
0 0.313311 0.538635 0.034405 0.029329
0 0.279752 0.506768 0.036097 0.032149
0 0.263113 0.534405 0.042301 0.042301
0 0.229272 0.515228 0.033277 0.032149
0 0.274394 0.570502 0.034405 0.025381
0 0.226734 0.567964 0.036097 0.039481
0 0.228708 0.644670 0.040045 0.038353
0 0.206430 0.679357 0.032713 0.035533
0 0.199662 0.650592 0.020305 0.023125
0 0.025663 0.549351 0.034405 0.027073
0 0.043993 0.582910 0.029329 0.020869
0 0.042019 0.602087 0.026509 0.024253
0 0.054710 0.631698 0.033841 0.033841
0 0.016074 0.646362 0.028765 0.025945
0 0.018331 0.691201 0.019741 0.023125
0 0.189791 0.933446 0.027637 0.029329
0 0.165821 0.913142 0.022561 0.020305
0 0.116469 0.818669 0.023125 0.024253
0 0.105471 0.783418 0.022561 0.022561
0 0.078680 0.842358 0.020869 0.021997
0 0.078680 0.804851 0.027637 0.030457
0 0.057812 0.790186 0.025381 0.023689
0 0.405527 0.781726 0.043993 0.045121
0 0.378173 0.721658 0.049069 0.041173
0 0.534123 0.652566 0.049633 0.046249
0 0.587704 0.643260 0.037225 0.050197
0 0.598703 0.593627 0.037789 0.049069
0 0.564016 0.590243 0.032713 0.034405
0 0.491258 0.627186 0.038353 0.040609
0 0.502538 0.572194 0.033841 0.033277
0 0.532995 0.562888 0.036097 0.030457
0 0.674845 0.968415 0.040045 0.045121
0 0.645516 0.944726 0.023125 0.027073
0 0.759165 0.897913 0.043993 0.036097
0 0.726170 0.852792 0.041173 0.046249
0 0.665539 0.891709 0.053017 0.047377
0 0.626904 0.880711 0.031021 0.025381
0 0.633108 0.833333 0.032149 0.042301
0 0.594755 0.800338 0.045685 0.054146
0 0.633108 0.781726 0.038917 0.034969
0 0.681895 0.802594 0.050761 0.057530
0 0.746757 0.787084 0.037225 0.032149
0 0.679075 0.753525 0.040609 0.036097
0 0.740553 0.817541 0.051889 0.024253
0 0.808517 0.780598 0.026509 0.034969
0 0.783136 0.741399 0.050197 0.043429
0 0.858996 0.734067 0.025945 0.031021
0 0.807953 0.696842 0.032149 0.036661
0 0.825437 0.715172 0.021997 0.023689
0 0.740553 0.688381 0.042865 0.044557
0 0.734349 0.650028 0.036097 0.033277
0 0.768472 0.634236 0.032149 0.037789
0 0.807671 0.657642 0.036097 0.033841
0 0.873378 0.682177 0.037789 0.040045
0 0.814721 0.634236 0.041173 0.024253
0 0.829667 0.602087 0.029329 0.031021
0 0.841230 0.628032 0.021997 0.015228
0 0.796390 0.592499 0.027073 0.026509
0 0.715736 0.608855 0.023689 0.021997
0 0.729836 0.573322 0.031585 0.029893
0 0.663565 0.499718 0.018613 0.019177
0 0.800056 0.516074 0.019741 0.018049
0 0.787648 0.494924 0.018613 0.018613
0 0.803158 0.472645 0.027073 0.024817
0 0.829103 0.470389 0.022561 0.025945
0 0.857586 0.493232 0.019741 0.025381
0 0.826847 0.498872 0.027073 0.021997
0 0.723632 0.407219 0.021433 0.025945
0 0.699380 0.415962 0.024817 0.027637
0 0.641004 0.408629 0.028765 0.026509
0 0.662719 0.392555 0.032713 0.031585
0 0.679075 0.376481 0.031585 0.029893
0 0.706148 0.378737 0.030457 0.027637
0 0.719402 0.351946 0.024253 0.021433
0 0.691201 0.352510 0.031021 0.020305
0 0.662437 0.357868 0.026509 0.018613
0 0.640722 0.367456 0.037225 0.026509
0 0.878455 0.904681 0.033277 0.027073
0 0.932600 0.939368 0.028765 0.026509
0 0.906091 0.946983 0.023125 0.024817
0 0.929498 0.971517 0.029329 0.024253
0 0.898195 0.980823 0.032149 0.028201
0 0.958263 0.413988 0.021433 0.022561
0 0.969261 0.361252 0.025381 0.018613
0 0.745347 0.288212 0.023125 0.016920
0 0.763959 0.280598 0.014100 0.017484
0 0.763677 0.296108 0.015792 0.013536
0 0.751833 0.267625 0.016920 0.011844
0 0.823745 0.325155 0.016356 0.018613
0 0.822335 0.312747 0.015792 0.015228
0 0.845178 0.304851 0.020869 0.018613
0 0.862662 0.317541 0.017484 0.018049
0 0.846870 0.283700 0.024253 0.016920
0 0.890581 0.290186 0.023689 0.018613
0 0.909193 0.308799 0.019177 0.015228
0 0.923858 0.296108 0.016920 0.019177
0 0.933446 0.279470 0.023689 0.016356
0 0.950931 0.273548 0.016920 0.016920
0 0.923294 0.256909 0.021433 0.017484
0 0.890299 0.267343 0.012972 0.018049
0 0.905245 0.267061 0.015792 0.014100
0 0.943598 0.124929 0.018049 0.016356
0 0.969825 0.120135 0.020869 0.013536
0 0.960801 0.094755 0.014100 0.019177
0 0.973773 0.094191 0.012972 0.015792
0 0.953751 0.082346 0.018049 0.014664
