0 0.279470 0.067964 0.080654 0.072758 
0 0.283418 0.147490 0.078398 0.077270 
0 0.370840 0.190919 0.070502 0.072758 
0 0.487592 0.090243 0.082910 0.089114 
0 0.436548 0.112239 0.056402 0.080090 
0 0.510152 0.019459 0.099831 0.035533 
0 0.644952 0.036943 0.067118 0.065990 
0 0.661027 0.284828 0.069938 0.064298 
0 0.678793 0.235759 0.060350 0.056402 
0 0.553582 0.284546 0.056966 0.054710 
0 0.481387 0.316695 0.053582 0.041173 
0 0.498308 0.362380 0.067118 0.058094 
0 0.576706 0.376763 0.076142 0.073322 
0 0.609701 0.352510 0.066554 0.057530 
0 0.708122 0.385505 0.068246 0.062606 
0 0.635928 0.395939 0.045685 0.047377 
0 0.496334 0.426960 0.081218 0.080090 
0 0.447265 0.407219 0.048505 0.048505 
0 0.579244 0.497744 0.080090 0.065990 
0 0.651720 0.524253 0.059222 0.053582 
0 0.713762 0.569092 0.046813 0.050761 
0 0.694303 0.597575 0.056402 0.049069 
0 0.644388 0.565990 0.045685 0.038917 
0 0.692047 0.700226 0.056402 0.056966 
0 0.487310 0.496898 0.071066 0.055274 
0 0.371968 0.498308 0.065990 0.064862 
0 0.313593 0.490130 0.060914 0.058658 
0 0.337845 0.549915 0.050761 0.047377 
0 0.209250 0.673153 0.104907 0.099831 
0 0.126904 0.669205 0.064298 0.078398 
0 0.453469 0.679075 0.059786 0.059786 
0 0.504512 0.709814 0.044557 0.051325 
0 0.464185 0.763677 0.049633 0.042865 
0 0.432318 0.721658 0.046813 0.035533 
0 0.377045 0.711224 0.040045 0.042865 
0 0.325155 0.720248 0.041173 0.036097 
0 0.312465 0.766497 0.042865 0.053017 
0 0.366892 0.822899 0.047941 0.047377 
0 0.265933 0.782854 0.077270 0.066554 
0 0.224196 0.807107 0.087422 0.082346 
0 0.611675 0.789904 0.053582 0.046813 
0 0.527637 0.850254 0.043429 0.044557 
0 0.399323 0.984208 0.046249 0.031585 
0 0.787648 0.877609 0.031021 0.030457 
0 0.765369 0.833615 0.042865 0.036097 
0 0.768190 0.772984 0.033841 0.038917 
0 0.835307 0.783136 0.042865 0.042301 
0 0.857868 0.739989 0.031585 0.037225 
0 0.806543 0.696560 0.037225 0.039481 
0 0.825155 0.722504 0.036097 0.033841 
0 0.808799 0.653130 0.041737 0.040609 
0 0.847716 0.680485 0.039481 0.042301 
