0 0.140440 0.339538 0.066554 0.063170
0 0.167795 0.406937 0.058094 0.064862
0 0.678793 0.321207 0.082910 0.085166
0 0.881557 0.396785 0.058658 0.072758
0 0.779470 0.513818 0.102651 0.104907
0 0.522561 0.464749 0.107727 0.115059
0 0.590525 0.554428 0.091371 0.100395
0 0.470953 0.533559 0.082346 0.084602
0 0.040609 0.806825 0.059786 0.055838
0 0.020023 0.739425 0.035533 0.053017
0 0.755217 0.853356 0.042865 0.046249
0 0.690919 0.870276 0.047377 0.054146
0 0.519741 0.816977 0.046813 0.047941
0 0.451495 0.842358 0.031021 0.034405
0 0.465313 0.803440 0.037225 0.035533
