0 0.291032 0.143542 0.082346 0.080654 
0 0.305133 0.205020 0.049633 0.042301 
0 0.909757 0.248731 0.082346 0.086858 
0 0.840666 0.245911 0.059222 0.055274 
0 0.706994 0.276086 0.055838 0.044557 
0 0.790750 0.298082 0.077834 0.067118 
0 0.848562 0.386351 0.052453 0.056402 
0 0.764523 0.400169 0.068246 0.079526 
0 0.475183 0.325437 0.069374 0.057530 
0 0.545121 0.377045 0.085166 0.079526 
0 0.390863 0.368020 0.083474 0.085166 
0 0.536661 0.519177 0.067118 0.076142 
0 0.623237 0.508460 0.066554 0.078398 
0 0.699662 0.547095 0.055838 0.057530 
0 0.422730 0.503102 0.079526 0.086858 
0 0.383249 0.525381 0.058094 0.058094 
0 0.080654 0.456007 0.078962 0.061478 
0 0.481387 0.437958 0.077270 0.053582 
0 0.140722 0.859278 0.061478 0.053582 
0 0.243937 0.846870 0.065990 0.061478 
0 0.251551 0.788776 0.062042 0.046813 
0 0.128596 0.968697 0.076706 0.062606 
