0 0.064016 0.023971 0.067118 0.043429 
0 0.130006 0.023689 0.070502 0.042865 
0 0.096165 0.065144 0.067118 0.040045 
0 0.496898 0.084602 0.075578 0.069938 
0 0.510152 0.128032 0.049069 0.032713 
0 0.580090 0.155386 0.082910 0.079526 
0 0.520023 0.204174 0.062042 0.062042 
0 0.574168 0.339820 0.076706 0.062606 
0 0.482798 0.364918 0.067682 0.054146 
0 0.472363 0.444162 0.068246 0.061478 
0 0.395939 0.545967 0.054146 0.049633 
0 0.241963 0.261421 0.069938 0.070502 
0 0.289904 0.294698 0.071066 0.063734 
0 0.301748 0.422448 0.054146 0.047377 
0 0.276932 0.401297 0.040609 0.040045 
0 0.212634 0.383249 0.048505 0.052453 
0 0.163283 0.406373 0.059222 0.044557 
0 0.211506 0.436548 0.046249 0.037225 
0 0.152002 0.463621 0.044557 0.053017 
0 0.199944 0.509588 0.062606 0.043429 
0 0.243091 0.565144 0.039481 0.034969 
0 0.238861 0.712070 0.067118 0.053582 
0 0.272702 0.844614 0.038917 0.042301 
0 0.183869 0.828821 0.058658 0.052453 
0 0.585730 0.678511 0.046813 0.063170 
0 0.688663 0.541173 0.048505 0.040045 
0 0.725606 0.514664 0.036661 0.046813 
0 0.789622 0.507896 0.048505 0.050197 
0 0.823745 0.460519 0.043429 0.051325 
0 0.770446 0.428088 0.049633 0.045121 
0 0.812747 0.392273 0.074450 0.068246 
0 0.748449 0.388043 0.056402 0.045121 
0 0.766497 0.364072 0.049633 0.040045 
