0 0.103215 0.021151 0.034969 0.027637
0 0.183023 0.192611 0.026509 0.026509
0 0.179357 0.234067 0.024817 0.022561
0 0.114495 0.257191 0.028201 0.027073
0 0.138466 0.291878 0.026509 0.027637
0 0.154258 0.326565 0.032149 0.024817
0 0.084320 0.275804 0.026509 0.020305
0 0.100395 0.318387 0.030457 0.029893
0 0.063452 0.323181 0.028765 0.028201
0 0.044557 0.284546 0.033841 0.025381
0 0.737451 0.411450 0.025381 0.023125
0 0.484208 0.392555 0.077270 0.075578
0 0.520587 0.313593 0.075578 0.073322
0 0.558940 0.353920 0.045121 0.060350
0 0.446983 0.320079 0.063734 0.062606
0 0.504230 0.255499 0.057530 0.046249
0 0.448675 0.234349 0.062606 0.052453
0 0.383531 0.255217 0.080090 0.071630
0 0.415398 0.382685 0.052453 0.063734
0 0.286802 0.326283 0.060350 0.062606
0 0.321489 0.371968 0.054146 0.052453
0 0.348562 0.422166 0.049633 0.062606
0 0.367738 0.502538 0.053017 0.064298
0 0.467569 0.544275 0.060914 0.065426
0 0.512408 0.547095 0.037789 0.041737
0 0.576142 0.545967 0.050197 0.043993
0 0.590807 0.465031 0.041173 0.037789
0 0.641286 0.491822 0.056402 0.064298
0 0.728426 0.443880 0.025381 0.024817
0 0.693739 0.402707 0.022561 0.028201
0 0.488156 0.617033 0.029893 0.032713
0 0.584038 0.757191 0.049069 0.047941
0 0.662155 0.784264 0.031585 0.044557
0 0.320079 0.815567 0.040045 0.041737
0 0.330513 0.763959 0.036097 0.032149
0 0.226170 0.764241 0.041737 0.048505
0 0.246193 0.698534 0.036661 0.036661
0 0.254371 0.650028 0.036097 0.038917
0 0.148900 0.772138 0.042865 0.048505
0 0.105471 0.714044 0.042865 0.048505
0 0.120417 0.654822 0.034405 0.045121
0 0.172307 0.686971 0.047941 0.039481
0 0.298364 0.861816 0.036097 0.025945
