0 0.532995 0.295262 0.049633 0.041173
0 0.646644 0.304287 0.034405 0.046813
0 0.617033 0.325437 0.045121 0.043993
0 0.556966 0.345742 0.051325 0.056402
0 0.593627 0.348280 0.031021 0.059222
0 0.532149 0.450085 0.051325 0.051889
0 0.587986 0.431190 0.033277 0.032149
0 0.632262 0.445290 0.025945 0.024253
0 0.651720 0.452059 0.020869 0.027637
0 0.680485 0.445008 0.015228 0.030457
0 0.664975 0.565144 0.033841 0.031585
0 0.695713 0.584602 0.020869 0.023125
0 0.620699 0.600395 0.026509 0.025381
0 0.572476 0.609701 0.033841 0.032713
0 0.576988 0.559222 0.036097 0.031021
0 0.935138 0.594473 0.028201 0.028201
0 0.965877 0.501692 0.029893 0.029893
0 0.278060 0.404963 0.036097 0.032713
0 0.220812 0.407783 0.034405 0.031585
0 0.234349 0.439932 0.038917 0.036097
0 0.166103 0.416808 0.044557 0.054146
0 0.200226 0.411450 0.021433 0.036661
0 0.438522 0.666949 0.042301 0.032149
0 0.370840 0.666385 0.031021 0.026509
0 0.334743 0.680203 0.037789 0.038353
0 0.216018 0.711224 0.050761 0.054146
0 0.199944 0.730400 0.041173 0.049633
0 0.245065 0.772420 0.036661 0.041173
0 0.291878 0.758319 0.045685 0.043429
0 0.401861 0.837563 0.042301 0.042865
0 0.447547 0.854766 0.037789 0.040045
0 0.481951 0.838973 0.032149 0.028765
0 0.541737 0.910886 0.036661 0.036097
0 0.613931 0.852792 0.025381 0.032713
0 0.551043 0.850254 0.024817 0.023125
0 0.351946 0.843204 0.041737 0.042865
0 0.896221 0.916526 0.048505 0.048505
0 0.950649 0.920474 0.064862 0.067682
0 0.669769 0.899323 0.029893 0.036661
