0 0.039199 0.011844 0.046813 0.022561
0 0.031867 0.030457 0.051325 0.050761
0 0.375071 0.279470 0.101523 0.124647
0 0.284828 0.263959 0.056402 0.065426
0 0.315285 0.340102 0.058658 0.080090
0 0.268754 0.401861 0.035533 0.045685
0 0.489284 0.268190 0.078398 0.085166
0 0.538353 0.285956 0.050197 0.073322
0 0.433446 0.335307 0.056966 0.070502
0 0.475183 0.334743 0.032149 0.046813
0 0.538917 0.413424 0.040045 0.047377
0 0.455161 0.423858 0.085730 0.084038
0 0.117597 0.712070 0.031021 0.034405
0 0.846870 0.640158 0.060350 0.066554
0 0.900169 0.668923 0.049633 0.051889
0 0.924986 0.681331 0.045121 0.058658
0 0.855048 0.731528 0.054146 0.055274
0 0.787366 0.728990 0.066554 0.067118
0 0.343768 0.964467 0.036661 0.027073
0 0.900169 0.630288 0.042865 0.026509
