0 0.225324 0.068246 0.029893 0.029329
0 0.206430 0.098703 0.027073 0.024817
0 0.195431 0.127186 0.028765 0.028765
0 0.245629 0.109701 0.027637 0.025381
0 0.233503 0.145798 0.020305 0.029893
0 0.297518 0.131980 0.023125 0.027073
0 0.502538 0.084602 0.025945 0.030457
0 0.605471 0.042301 0.034405 0.041737
0 0.646362 0.018331 0.037225 0.031021
0 0.709250 0.137620 0.033277 0.039481
0 0.672589 0.151438 0.032149 0.040045
0 0.761421 0.130006 0.032713 0.029893
0 0.439086 0.037507 0.025381 0.023125
0 0.344896 0.002256 0.001692 0.001128
0 0.212916 0.278060 0.090807 0.100395
0 0.282854 0.326847 0.073886 0.065990
0 0.287366 0.412860 0.082910 0.075578
0 0.129442 0.390863 0.108855 0.106035
0 0.208968 0.576424 0.075014 0.094755
0 0.313593 0.617597 0.071066 0.085730
0 0.545685 0.529047 0.087422 0.101523
0 0.716018 0.545967 0.056966 0.057530
0 0.961647 0.479413 0.042865 0.029329
0 0.704738 0.829667 0.059222 0.075578
