0 0.015510 0.219402 0.026509 0.057530
0 0.034405 0.229836 0.028201 0.047941
0 0.059504 0.217710 0.050197 0.051889
0 0.046531 0.172871 0.035533 0.028765
0 0.111675 0.157360 0.053017 0.063170
0 0.158770 0.159334 0.035533 0.038917
0 0.235759 0.193175 0.041737 0.047941
0 0.219120 0.166949 0.037789 0.023689
0 0.388043 0.175127 0.037225 0.035533
0 0.454315 0.245347 0.029893 0.032713
0 0.675127 0.174281 0.059786 0.059786
0 0.717992 0.313311 0.058658 0.055838
0 0.801748 0.315003 0.085166 0.076142
0 0.746475 0.358432 0.054710 0.052453
0 0.676255 0.265087 0.039481 0.040609
0 0.637338 0.326847 0.041737 0.049069
0 0.673435 0.358150 0.055274 0.058658
0 0.614777 0.395375 0.045121 0.057530
0 0.572758 0.374788 0.033277 0.041173
0 0.529893 0.388043 0.036661 0.039481
0 0.814439 0.218274 0.021433 0.024817
0 0.861816 0.383531 0.030457 0.039481
0 0.820361 0.431472 0.023125 0.036097
0 0.791596 0.470953 0.025381 0.028201
0 0.478849 0.529611 0.032713 0.039481
0 0.449521 0.507614 0.027073 0.031585
0 0.427806 0.506768 0.020869 0.033277
0 0.349126 0.550761 0.042865 0.045685
0 0.381557 0.523971 0.028765 0.032713
0 0.287084 0.467287 0.028201 0.034405
0 0.254935 0.481951 0.043993 0.047941
0 0.213198 0.480541 0.040609 0.047377
0 0.157642 0.479131 0.038917 0.042301
0 0.128596 0.457699 0.036097 0.045685
0 0.035533 0.402143 0.029329 0.029329
0 0.018331 0.741117 0.031021 0.031585
0 0.023125 0.927242 0.036097 0.028201
0 0.400451 0.892555 0.039481 0.056966
0 0.542865 0.883813 0.050197 0.064298
0 0.588832 0.864072 0.040609 0.045121
0 0.517766 0.803440 0.050761 0.055838
0 0.478285 0.795544 0.041737 0.051325
0 0.567400 0.788776 0.024817 0.061478
0 0.776650 0.964185 0.063170 0.067118
0 0.706430 0.959391 0.071630 0.076706
