0 0.216582 0.271574 0.098139 0.086294 
0 0.387197 0.273266 0.089679 0.075014 
0 0.434574 0.376199 0.105471 0.095883 
0 0.445008 0.456007 0.082346 0.042301 
0 0.470107 0.523407 0.089679 0.077834 
0 0.436266 0.594755 0.093063 0.081782 
0 0.380429 0.613367 0.062606 0.067118 
0 0.371686 0.531585 0.054146 0.054710 
0 0.271010 0.519459 0.089679 0.082346 
0 0.211788 0.494924 0.070502 0.076142 
0 0.200508 0.400451 0.081782 0.102651 
0 0.107445 0.402707 0.080654 0.084602 
0 0.154540 0.395375 0.032713 0.076706 
0 0.739143 0.475465 0.075014 0.071066 
0 0.728144 0.572758 0.075578 0.072758 
0 0.597011 0.616751 0.076142 0.059222 
0 0.794698 0.689509 0.060914 0.054710 
0 0.756909 0.675691 0.048505 0.049633 
0 0.547095 0.866892 0.069938 0.067682 
