0 0.115623 0.155386 0.048505 0.033277 
0 0.659898 0.036379 0.030457 0.031021 
0 0.728426 0.027919 0.026509 0.028765 
0 0.858714 0.019741 0.040045 0.033841 
0 0.974055 0.044275 0.018049 0.025381 
0 0.989284 0.030739 0.016920 0.028765 
0 0.977439 0.095319 0.024817 0.025945 
0 0.881839 0.118725 0.031021 0.026509 
0 0.891991 0.498872 0.021997 0.027637 
0 0.915962 0.537507 0.023689 0.030457 
0 0.938240 0.520869 0.024253 0.027637 
0 0.985054 0.544839 0.023125 0.028201 
0 0.837845 0.518613 0.027637 0.029893 
0 0.879301 0.544557 0.022561 0.024253 
0 0.629160 0.393965 0.094191 0.071630 
0 0.506486 0.389453 0.069938 0.062606 
0 0.634236 0.492104 0.065990 0.062606 
0 0.574450 0.461083 0.053582 0.051325 
0 0.511562 0.509870 0.068810 0.087986 
0 0.431190 0.489284 0.064862 0.075014 
0 0.268190 0.663565 0.054710 0.052453 
0 0.948111 0.962493 0.046249 0.042301 
0 0.957135 0.895939 0.034969 0.046813 
