0 0.724760 0.082346 0.033841 0.048505
0 0.756345 0.050761 0.025945 0.023689
0 0.756909 0.092499 0.030457 0.040609
0 0.722786 0.117597 0.029893 0.024253
0 0.700226 0.097011 0.016356 0.037225
0 0.755499 0.024253 0.032149 0.030457
0 0.708122 0.011844 0.028765 0.022561
0 0.852228 0.025381 0.050761 0.046249
0 0.893683 0.024817 0.026509 0.046249
0 0.789058 0.195431 0.071066 0.090807
0 0.844614 0.205302 0.032149 0.046249
0 0.819797 0.269036 0.056966 0.053017
0 0.774112 0.248167 0.029893 0.027073
0 0.713480 0.283982 0.028201 0.019741
0 0.675691 0.267625 0.033841 0.033277
0 0.935984 0.277496 0.061478 0.069938
0 0.867456 0.334461 0.039481 0.034969
0 0.911732 0.402143 0.055838 0.068810
0 0.818387 0.387761 0.040609 0.047941
0 0.858714 0.498872 0.040045 0.050197
0 0.653412 0.542865 0.044557 0.036661
0 0.600395 0.525381 0.020869 0.032149
0 0.603215 0.548505 0.033277 0.025381
0 0.562888 0.539763 0.040609 0.054146
0 0.521997 0.527919 0.040045 0.049633
0 0.532995 0.475747 0.033841 0.042301
0 0.479695 0.485900 0.044557 0.044557
0 0.484772 0.436548 0.036661 0.032713
0 0.288212 0.467287 0.030457 0.031021
0 0.294698 0.540327 0.021997 0.032713
0 0.272702 0.524535 0.021997 0.030457
0 0.246193 0.521151 0.026509 0.032713
0 0.228708 0.515792 0.017484 0.031021
0 0.229554 0.455443 0.029329 0.034405
0 0.203892 0.386069 0.031021 0.034405
0 0.179075 0.418218 0.031021 0.029893
0 0.148336 0.377609 0.040609 0.051325
0 0.499154 0.782008 0.033841 0.027637
0 0.449521 0.792442 0.046249 0.038353
0 0.414552 0.832769 0.038353 0.046813
0 0.386069 0.807389 0.041173 0.038917
0 0.357304 0.826847 0.036661 0.043993
0 0.312747 0.805697 0.046813 0.058094
0 0.276086 0.936830 0.023125 0.021433
0 0.304851 0.950649 0.023125 0.024253
0 0.326283 0.966441 0.012972 0.017484
0 0.195713 0.890017 0.023689 0.018049
0 0.173717 0.878173 0.018049 0.027073
0 0.805415 0.955725 0.042865 0.036661
0 0.769036 0.993232 0.036661 0.012408
0 0.806261 0.989566 0.034405 0.018613
