0 0.046531 0.063452 0.049069 0.049069 
0 0.093063 0.094473 0.038353 0.044557 
0 0.161309 0.069092 0.049633 0.049069 
0 0.150028 0.124083 0.043993 0.041737 
0 0.221376 0.082346 0.045685 0.046249 
0 0.497462 0.127750 0.029329 0.043429 
0 0.448675 0.083192 0.036661 0.036661 
0 0.574168 0.457417 0.087986 0.084602 
0 0.650874 0.408347 0.066554 0.072194 
0 0.454879 0.565426 0.062606 0.063734 
0 0.512408 0.524817 0.051325 0.070502 
0 0.592781 0.602087 0.067682 0.077270 
0 0.652848 0.551043 0.076142 0.076706 
0 0.532995 0.612239 0.051889 0.045685 
0 0.410603 0.649464 0.049633 0.041173 
