0 0.153694 0.071912 0.036661 0.034405
0 0.171461 0.093627 0.029329 0.041737
0 0.204738 0.085730 0.029329 0.037225
0 0.269882 0.091371 0.019741 0.029329
0 0.295262 0.050479 0.027637 0.033277
0 0.322053 0.079244 0.022561 0.028765
0 0.413142 0.059222 0.033277 0.032713
0 0.582064 0.135928 0.028201 0.042865
0 0.393119 0.246193 0.031585 0.043429
0 0.444162 0.252397 0.035533 0.025381
0 0.330231 0.244501 0.041173 0.036661
0 0.274112 0.316413 0.028201 0.028201
0 0.270446 0.343768 0.028765 0.026509
0 0.324591 0.415962 0.032149 0.038917
0 0.438804 0.423858 0.041737 0.038917
0 0.280880 0.533841 0.043993 0.043429
0 0.247603 0.573886 0.038353 0.047941
0 0.205584 0.507896 0.037789 0.035533
0 0.232375 0.357304 0.039481 0.026509
0 0.018613 0.223914 0.027073 0.022561
0 0.029329 0.377609 0.030457 0.029893
0 0.102933 0.462775 0.029893 0.025381
0 0.093063 0.483080 0.025945 0.025381
0 0.135364 0.470671 0.036097 0.040045
0 0.571348 0.642414 0.055274 0.055274
