0 0.032149 0.031303 0.059786 0.058094
0 0.198816 0.043429 0.070502 0.066554
0 0.290750 0.023407 0.047941 0.036661
0 0.341512 0.035251 0.041173 0.041173
0 0.649746 0.045403 0.038353 0.060350
0 0.787084 0.408911 0.112239 0.109419
0 0.840384 0.322899 0.072194 0.073886
0 0.670051 0.377045 0.060914 0.073886
0 0.489284 0.435138 0.108855 0.128032
0 0.584884 0.451777 0.072194 0.110547
0 0.396503 0.305697 0.117315 0.133108
0 0.314439 0.319797 0.053582 0.091371
0 0.276650 0.400733 0.104343 0.111111
0 0.376763 0.398759 0.087986 0.050761
0 0.161027 0.439650 0.052453 0.062606
0 0.030175 0.535251 0.046813 0.045121
0 0.069374 0.591089 0.037225 0.049633
0 0.437958 0.506768 0.088550 0.120135
0 0.398477 0.600959 0.086294 0.086294
0 0.155668 0.587140 0.091371 0.113931
0 0.261139 0.613931 0.116187 0.138184
0 0.330795 0.643260 0.049069 0.067118
0 0.232657 0.692047 0.069374 0.068810
0 0.337563 0.550197 0.046813 0.072758
0 0.793852 0.814721 0.049069 0.049069
0 0.761139 0.835307 0.040045 0.053017
