0 0.538917 0.016920 0.034405 0.030457
0 0.534405 0.066836 0.019741 0.017484
0 0.490412 0.027355 0.029893 0.027637
0 0.468979 0.021433 0.016356 0.024817
0 0.438240 0.026791 0.023689 0.018613
0 0.422730 0.036379 0.020869 0.024253
0 0.394811 0.026509 0.021433 0.027073
0 0.395657 0.054710 0.027637 0.018049
0 0.359278 0.043429 0.022561 0.019177
0 0.370276 0.035251 0.018613 0.014100
0 0.326565 0.053582 0.016920 0.022561
0 0.337281 0.045121 0.012408 0.016920
0 0.399605 0.010152 0.027637 0.015792
0 0.417090 0.010716 0.012972 0.011280
0 0.772702 0.285110 0.022561 0.026509
0 0.783700 0.252679 0.020869 0.022561
0 0.757473 0.252115 0.019177 0.020305
0 0.759729 0.234913 0.022561 0.016356
0 0.444726 0.322335 0.036661 0.026509
0 0.412296 0.336435 0.029329 0.028765
0 0.406655 0.310491 0.023689 0.024253
0 0.391991 0.318387 0.020305 0.025381
0 0.394247 0.373660 0.042865 0.036661
0 0.420474 0.406655 0.025381 0.022561
0 0.333897 0.389171 0.022561 0.021433
0 0.371404 0.393119 0.025381 0.024817
0 0.319515 0.406937 0.023125 0.020869
0 0.314157 0.387479 0.019177 0.018049
0 0.293288 0.409475 0.023689 0.023689
0 0.319233 0.492104 0.030457 0.024253
0 0.357022 0.500000 0.028201 0.023125
0 0.311337 0.527637 0.027073 0.024253
0 0.287930 0.508460 0.028765 0.025381
0 0.280316 0.528201 0.024817 0.012972
0 0.304569 0.554710 0.029329 0.027637
0 0.395375 0.532995 0.028201 0.019177
0 0.390299 0.573040 0.034969 0.031585
0 0.417090 0.560914 0.028765 0.032149
0 0.461083 0.560632 0.032149 0.033841
0 0.493514 0.536097 0.028201 0.019741
0 0.515228 0.553017 0.026509 0.036661
0 0.494642 0.569092 0.029329 0.025945
0 0.492668 0.589397 0.025381 0.021433
0 0.476029 0.613085 0.040609 0.038353
0 0.534405 0.643260 0.028765 0.032149
0 0.554710 0.553017 0.031021 0.034405
0 0.589397 0.547659 0.045121 0.047377
0 0.662437 0.544557 0.032149 0.027637
0 0.672589 0.570784 0.025381 0.020305
0 0.651720 0.506486 0.038917 0.038353
0 0.594473 0.489284 0.033841 0.025381
0 0.562888 0.477157 0.034969 0.023689
0 0.339255 0.550761 0.025381 0.027637
0 0.551325 0.718556 0.027637 0.024817
0 0.587140 0.718556 0.020305 0.029329
0 0.577270 0.749295 0.023125 0.034405
0 0.553582 0.746757 0.019741 0.023689
0 0.595601 0.801748 0.022561 0.024253
0 0.723914 0.855048 0.031021 0.029329
0 0.756345 0.884377 0.020305 0.022561
0 0.727862 0.911450 0.034405 0.031585
0 0.682741 0.854484 0.037789 0.036097
0 0.672307 0.893401 0.038353 0.037225
0 0.648900 0.863226 0.025381 0.028765
0 0.675973 0.931754 0.026509 0.025945
0 0.698816 0.947547 0.028201 0.024817
0 0.685561 0.967005 0.031021 0.021997
0 0.965877 0.983362 0.040045 0.032149
0 0.948393 0.631698 0.042301 0.041737
0 0.989848 0.673999 0.015792 0.033841
0 0.960519 0.548787 0.023689 0.032713
