0 0.217992 0.119289 0.062606 0.068246 
0 0.186407 0.156514 0.050197 0.049069 
0 0.326001 0.122109 0.040609 0.045685 
0 0.332205 0.175691 0.050761 0.061478 
0 0.492386 0.026509 0.066554 0.046249 
0 0.388325 0.174563 0.088550 0.085166 
0 0.407501 0.319797 0.097575 0.102651 
0 0.565144 0.263959 0.054146 0.050761 
0 0.426678 0.253807 0.043429 0.046249 
0 0.481951 0.361252 0.126904 0.143824 
0 0.633390 0.330231 0.084602 0.060350 
0 0.651438 0.412296 0.134236 0.128596 
0 0.846588 0.434010 0.027073 0.026509 
0 0.892273 0.360124 0.023689 0.017484 
0 0.740835 0.419910 0.033277 0.028765 
0 0.870276 0.593909 0.063170 0.066554 
0 0.652002 0.507614 0.045121 0.046249 
0 0.610547 0.548223 0.085166 0.090243 
0 0.250705 0.257755 0.044557 0.042865 
0 0.253807 0.390017 0.106035 0.126904 
0 0.326283 0.418218 0.113367 0.112239 
0 0.326565 0.487592 0.085730 0.089679 
0 0.423012 0.541737 0.111675 0.137056 
0 0.246757 0.513536 0.079526 0.071630 
0 0.295262 0.694867 0.096447 0.084602 
0 0.365482 0.764523 0.117315 0.129160 
0 0.462493 0.739989 0.058658 0.067682 
0 0.433728 0.838973 0.083474 0.087422 
0 0.776368 0.723068 0.082910 0.084602 
0 0.728144 0.788494 0.086858 0.122955 
0 0.787648 0.799774 0.080654 0.112803 
0 0.892837 0.882121 0.031585 0.038353 
0 0.871686 0.958263 0.056966 0.057530 
0 0.851382 0.907219 0.040045 0.035533 
0 0.794134 0.960519 0.054146 0.071066 
0 0.799492 0.867738 0.037789 0.033277 
0 0.390017 0.124083 0.075014 0.024817 
