0 0.882967 0.082910 0.031021 0.033841 
0 0.931190 0.101805 0.029329 0.027637 
0 0.921320 0.136210 0.029893 0.034405 
0 0.892555 0.118725 0.028765 0.027637 
0 0.095319 0.275522 0.025945 0.033277 
0 0.489002 0.203328 0.025945 0.029893 
0 0.357022 0.497462 0.102651 0.125212 
0 0.259447 0.391709 0.109419 0.109983 
0 0.243373 0.505076 0.065990 0.070502 
0 0.490976 0.672871 0.089679 0.093627 
0 0.572758 0.692329 0.060350 0.072758 
0 0.629160 0.661873 0.052453 0.042301 
0 0.305133 0.778624 0.048505 0.067118 
0 0.414834 0.840384 0.051325 0.062042 
