0 0.247039 0.070784 0.034969 0.036661
0 0.653412 0.168641 0.036661 0.046249
0 0.788212 0.119853 0.032149 0.016356
0 0.758883 0.120417 0.019741 0.024253
0 0.923576 0.117033 0.054710 0.055838
0 0.807389 0.086576 0.033277 0.043429
0 0.825437 0.116187 0.024253 0.027073
0 0.841794 0.086294 0.036661 0.032713
0 0.367456 0.228426 0.053582 0.057530
0 0.323463 0.245629 0.040045 0.045685
0 0.361816 0.274394 0.031021 0.044557
0 0.328539 0.286520 0.043429 0.040609
0 0.276932 0.381839 0.033841 0.033841
0 0.233503 0.309927 0.024817 0.028765
0 0.229836 0.326001 0.029893 0.022561
0 0.276368 0.218274 0.053017 0.078962
0 0.071066 0.395375 0.025945 0.030457
0 0.050761 0.359842 0.029329 0.024817
0 0.458827 0.475183 0.050197 0.047941
0 0.471799 0.394529 0.052453 0.060350
0 0.521433 0.397067 0.040045 0.053017
0 0.495488 0.442752 0.038917 0.031585
0 0.423576 0.388325 0.042865 0.046813
0 0.291596 0.576706 0.030457 0.031021
0 0.672307 0.533277 0.085730 0.094191
0 0.737169 0.578398 0.064298 0.070502
0 0.736041 0.621545 0.055274 0.045121
0 0.662437 0.630006 0.076142 0.077834
0 0.593909 0.574732 0.067682 0.091371
