0 0.285110 0.018049 0.069374 0.028201
0 0.335307 0.070502 0.055838 0.067682
0 0.399887 0.073322 0.040609 0.047377
0 0.494924 0.040891 0.045685 0.018613
0 0.104625 0.366046 0.033277 0.034969
0 0.168077 0.368584 0.046249 0.038917
0 0.144952 0.434010 0.032713 0.031021
0 0.103215 0.433446 0.037225 0.033277
0 0.406373 0.391991 0.034405 0.036097
0 0.494642 0.399323 0.055274 0.031585
0 0.315003 0.453187 0.055838 0.052453
0 0.353638 0.512408 0.067682 0.050197
0 0.285110 0.513254 0.056966 0.049633
0 0.434292 0.560632 0.067682 0.060914
0 0.432036 0.609137 0.059786 0.032713
0 0.349126 0.557530 0.054146 0.036661
0 0.058940 0.217710 0.033277 0.030457
