0 0.064580 0.271574 0.091935 0.085166 
0 0.491258 0.384659 0.148900 0.162437 
0 0.711224 0.469543 0.144388 0.130288 
0 0.754653 0.590807 0.098139 0.099831 
0 0.557530 0.536661 0.147208 0.144952 
0 0.603215 0.681049 0.135928 0.135928 
0 0.518049 0.771292 0.076142 0.062606 
0 0.301748 0.619571 0.130852 0.106599 
0 0.222504 0.663565 0.097575 0.103215 
0 0.176255 0.431472 0.062606 0.058658 
0 0.494642 0.929780 0.057530 0.058094 
0 0.748167 0.783982 0.047941 0.057530 
0 0.706148 0.798646 0.037225 0.046249 
0 0.805979 0.840666 0.037225 0.037789 
0 0.158770 0.930908 0.051325 0.042301 
0 0.155104 0.984490 0.056402 0.031021 
0 0.120417 0.939368 0.036661 0.053582 
0 0.443316 0.595319 0.060914 0.051325 
