0 0.275522 0.049915 0.082910 0.093063
0 0.350536 0.097575 0.050197 0.048505
0 0.490412 0.026509 0.051325 0.047377
0 0.452341 0.021715 0.024817 0.036661
0 0.548505 0.091653 0.038917 0.040045
0 0.693457 0.102651 0.028765 0.033841
0 0.727016 0.109983 0.032713 0.032713
0 0.732092 0.158770 0.045121 0.034405
0 0.694303 0.235759 0.040609 0.030457
0 0.885787 0.227580 0.088550 0.082910
0 0.988156 0.142696 0.021433 0.074450
0 0.977439 0.035533 0.040609 0.067682
0 0.301748 0.413424 0.058658 0.051889
0 0.599549 0.367456 0.107163 0.093063
0 0.642696 0.507896 0.132544 0.120135
0 0.688099 0.620135 0.092499 0.099831
0 0.617879 0.605753 0.089679 0.128596
0 0.537225 0.532995 0.076142 0.086858
0 0.445572 0.485054 0.081218 0.081218
0 0.704456 0.750141 0.040609 0.059786
0 0.923858 0.689509 0.046249 0.047941
0 0.962493 0.669769 0.061478 0.046813
0 0.936266 0.619853 0.062042 0.039481
0 0.836717 0.856458 0.062606 0.063734
0 0.878737 0.897631 0.048505 0.042301
0 0.959955 0.898759 0.047377 0.072758
0 0.113931 0.700226 0.073322 0.062606
0 0.054992 0.742809 0.091935 0.080090
0 0.929498 0.055838 0.056402 0.040609
