0 0.326565 0.160462 0.020305 0.028765
0 0.502256 0.019741 0.031021 0.020305
0 0.534969 0.207558 0.053582 0.062042
0 0.463621 0.160180 0.029329 0.031585
0 0.586576 0.249859 0.064298 0.055274
0 0.574168 0.296390 0.055274 0.043429
0 0.518613 0.321771 0.053582 0.062606
0 0.556402 0.354766 0.042301 0.045121
0 0.539199 0.386633 0.045121 0.045685
0 0.483362 0.381557 0.060914 0.056966
0 0.855894 0.394811 0.031021 0.038353
0 0.805133 0.439932 0.032149 0.029329
0 0.444444 0.560350 0.038353 0.037789
0 0.253807 0.545403 0.033841 0.031585
0 0.074450 0.849408 0.047377 0.039481
0 0.066554 0.884095 0.038353 0.029893
0 0.025099 0.871968 0.046813 0.051889
0 0.044275 0.915398 0.052453 0.034969
0 0.018895 0.825155 0.034405 0.031585
0 0.561760 0.692893 0.036097 0.040045
0 0.598703 0.682459 0.021997 0.031585
