0 0.155950 0.049915 0.038917 0.036661
0 0.184433 0.094473 0.039481 0.044557
0 0.253807 0.042301 0.034969 0.025945
0 0.225888 0.032713 0.021997 0.020305
0 0.213198 0.093909 0.020305 0.034405
0 0.278060 0.120699 0.030457 0.047377
0 0.298928 0.033559 0.034969 0.035533
0 0.374788 0.032995 0.036661 0.029893
0 0.354202 0.009870 0.043993 0.018613
0 0.419628 0.090525 0.031585 0.029893
0 0.603215 0.131698 0.031021 0.033277
0 0.654540 0.089114 0.026509 0.032713
0 0.643824 0.135646 0.021997 0.031021
0 0.698816 0.033277 0.042865 0.045121
0 0.785956 0.144952 0.036661 0.042865
0 0.839255 0.157360 0.031585 0.043993
0 0.792160 0.192329 0.029893 0.034969
0 0.675691 0.176819 0.038353 0.043429
0 0.796672 0.249013 0.035533 0.045685
0 0.782290 0.276368 0.036097 0.029329
0 0.641568 0.234913 0.034405 0.045685
0 0.678511 0.306543 0.034969 0.034405
0 0.713762 0.356740 0.033277 0.036661
0 0.859842 0.384941 0.028765 0.046813
0 0.793852 0.429498 0.041173 0.037789
0 0.849408 0.422166 0.034969 0.034405
0 0.832487 0.456853 0.037225 0.031585
0 0.789622 0.391427 0.034969 0.032713
0 0.725042 0.439368 0.038917 0.038353
0 0.653976 0.434010 0.036661 0.037789
0 0.596729 0.454597 0.045121 0.042865
0 0.866610 0.473773 0.035533 0.032713
0 0.882967 0.519741 0.027637 0.035533
0 0.851382 0.505076 0.034405 0.026509
0 0.798364 0.494642 0.029893 0.038353
0 0.790468 0.525381 0.038917 0.027637
0 0.749013 0.513254 0.038353 0.045121
0 0.471235 0.496616 0.059222 0.058094
0 0.550479 0.564862 0.043993 0.035533
0 0.603215 0.608009 0.034405 0.042865
0 0.586294 0.642414 0.054710 0.032713
0 0.463621 0.624929 0.047377 0.049633
0 0.400169 0.597857 0.032149 0.047377
0 0.397631 0.558376 0.040609 0.041737
0 0.437394 0.564016 0.033277 0.043993
0 0.123237 0.188381 0.037789 0.041737
0 0.218556 0.259729 0.029893 0.040045
0 0.255499 0.208686 0.041737 0.038353
0 0.201072 0.200508 0.029893 0.037789
0 0.173153 0.286520 0.029329 0.039481
0 0.206430 0.298928 0.021433 0.028201
0 0.232657 0.340666 0.032149 0.025945
0 0.215736 0.358996 0.027637 0.027637
0 0.148336 0.342922 0.042865 0.039481
0 0.103779 0.328539 0.038353 0.035533
0 0.100959 0.297236 0.048505 0.021433
0 0.045967 0.338127 0.042301 0.032149
0 0.021715 0.293852 0.041173 0.037225
0 0.108291 0.386069 0.039481 0.023125
0 0.870558 0.697970 0.040045 0.038917
0 0.790750 0.783700 0.039481 0.021997
0 0.823181 0.813593 0.034405 0.028765
0 0.878455 0.824309 0.026509 0.031021
0 0.936830 0.848844 0.048505 0.046249
0 0.984490 0.844614 0.026509 0.031021
0 0.968133 0.784828 0.044557 0.053582
0 0.502538 0.709814 0.041737 0.049069
0 0.436266 0.695995 0.064862 0.069938
0 0.371404 0.730682 0.063734 0.061478
0 0.231810 0.723914 0.062042 0.046813
0 0.153694 0.640440 0.029893 0.026509
0 0.308235 0.890017 0.058094 0.071066
0 0.253525 0.928370 0.059222 0.050761
0 0.192047 0.849126 0.029893 0.034405
0 0.513536 0.870840 0.063734 0.060914
0 0.502256 0.817823 0.047941 0.042865
0 0.464185 0.944444 0.063170 0.060350
0 0.985618 0.706994 0.020869 0.049069
0 0.190637 0.445290 0.039481 0.026509
