0 0.530739 0.343768 0.045121 0.049069 
0 0.515510 0.291314 0.054146 0.038917 
0 0.595601 0.342358 0.027073 0.031585 
0 0.634518 0.404117 0.032713 0.038917 
0 0.604061 0.413988 0.024817 0.027073 
0 0.562888 0.404399 0.036097 0.038353 
0 0.526227 0.427524 0.046249 0.048505 
0 0.416244 0.449803 0.051889 0.046813 
0 0.465031 0.487874 0.044557 0.053017 
0 0.374506 0.540327 0.068810 0.062042 
0 0.510716 0.581782 0.055838 0.055838 
0 0.426678 0.622673 0.052453 0.060914 
0 0.362662 0.573604 0.053017 0.027073 
0 0.576706 0.633954 0.049069 0.042865 
0 0.510434 0.691201 0.053017 0.068246 
0 0.694867 0.928370 0.028201 0.037225 
0 0.721658 0.934856 0.024253 0.031021 
0 0.734067 0.964185 0.026509 0.029893 
0 0.669769 0.897349 0.026509 0.028201 
