0 0.105189 0.059786 0.059222 0.054146
0 0.082346 0.016920 0.059786 0.030457
0 0.017202 0.013254 0.033277 0.023125
0 0.304005 0.106035 0.033841 0.034969
0 0.575860 0.032431 0.032713 0.034405
0 0.632544 0.060914 0.038917 0.042865
0 0.609137 0.120699 0.032713 0.029329
0 0.937112 0.110829 0.031021 0.025381
0 0.981387 0.095601 0.028201 0.023125
0 0.982516 0.126622 0.024817 0.021997
0 0.957699 0.158770 0.029329 0.024253
0 0.849408 0.333051 0.030457 0.029893
0 0.868866 0.384095 0.034405 0.028201
0 0.851100 0.431754 0.033841 0.023125
0 0.761139 0.321771 0.031021 0.026509
0 0.725324 0.317823 0.032713 0.038917
0 0.313875 0.314157 0.026509 0.040609
0 0.362380 0.368584 0.056966 0.060350
0 0.416244 0.381275 0.043993 0.056402
0 0.373378 0.463339 0.046249 0.064862
0 0.566272 0.448675 0.058658 0.044557
0 0.501410 0.513536 0.036097 0.046813
0 0.671461 0.541173 0.058094 0.062606
0 0.202200 0.557812 0.061478 0.057530
0 0.237733 0.583192 0.041173 0.054146
0 0.167513 0.560068 0.031585 0.041737
0 0.646362 0.474337 0.048505 0.049633
0 0.904117 0.698534 0.057530 0.050197
0 0.552735 0.701354 0.054146 0.055838
