0 0.873660 0.050479 0.046249 0.051325
0 0.705020 0.223914 0.041737 0.048505
0 0.748449 0.518895 0.063170 0.075578
0 0.664693 0.628032 0.080654 0.075014
0 0.680203 0.543147 0.065426 0.051889
0 0.595037 0.706148 0.106035 0.127468
0 0.491258 0.570220 0.110547 0.134236
0 0.397631 0.605471 0.075578 0.111111
0 0.337845 0.581782 0.048505 0.082910
0 0.334461 0.478285 0.094755 0.085730
0 0.285110 0.500282 0.054710 0.054146
0 0.041173 0.711506 0.072194 0.070502
0 0.318951 0.857586 0.046813 0.046813
0 0.221376 0.868866 0.055838 0.061478
0 0.124647 0.912578 0.056402 0.060914
0 0.046249 0.974901 0.083474 0.046813
0 0.527355 0.093909 0.040609 0.043429
