0 0.071912 0.076424 0.046813 0.045685
0 0.034123 0.078962 0.033277 0.032713
0 0.057248 0.131134 0.032149 0.035533
0 0.097575 0.125776 0.033841 0.034969
0 0.013254 0.115341 0.025381 0.040045
0 0.230682 0.095601 0.038353 0.040045
0 0.179639 0.075860 0.031021 0.025381
0 0.196277 0.146926 0.033841 0.035533
0 0.191765 0.101805 0.030457 0.020869
0 0.042583 0.242245 0.035533 0.029893
0 0.140158 0.281162 0.025381 0.027637
0 0.107163 0.308799 0.029329 0.027637
0 0.048223 0.339820 0.031021 0.024253
0 0.506204 0.348844 0.067118 0.076142
0 0.434856 0.377609 0.067682 0.059222
0 0.390581 0.337563 0.056966 0.068246
0 0.305415 0.380147 0.031021 0.029329
0 0.351664 0.366892 0.036661 0.019741
0 0.172871 0.431754 0.036661 0.042301
0 0.161873 0.391145 0.029329 0.026509
0 0.145234 0.432882 0.024253 0.029893
0 0.170051 0.557248 0.091935 0.080090
0 0.263395 0.570220 0.054146 0.051889
0 0.154258 0.619571 0.065990 0.061478
0 0.198534 0.693739 0.071066 0.075578
0 0.116751 0.669769 0.032713 0.031021
0 0.074732 0.629442 0.037789 0.034969
0 0.042583 0.735759 0.029893 0.026509
0 0.052735 0.678229 0.027637 0.035533
0 0.332205 0.768190 0.062042 0.063170
0 0.195431 0.801184 0.043429 0.050197
0 0.443034 0.567682 0.046813 0.052453
0 0.510716 0.580372 0.069374 0.065426
0 0.388043 0.473773 0.068810 0.057530
0 0.515510 0.443598 0.077834 0.072758
0 0.582346 0.438804 0.040045 0.055274
0 0.771574 0.424704 0.054146 0.056402
0 0.802594 0.504794 0.071066 0.071066
0 0.732939 0.448111 0.043429 0.049069
0 0.747603 0.379019 0.040045 0.028201
0 0.728990 0.529047 0.055838 0.050761
0 0.791878 0.582910 0.054146 0.060350
0 0.681049 0.549351 0.049069 0.049633
0 0.767343 0.614777 0.038917 0.036097
0 0.793570 0.827129 0.050761 0.051325
0 0.672871 0.726452 0.055274 0.054146
0 0.647208 0.783700 0.043429 0.042301
0 0.554710 0.766215 0.031021 0.026509
0 0.612803 0.736605 0.033277 0.038353
0 0.520587 0.684715 0.041737 0.031585
0 0.134236 0.880711 0.037225 0.051325
0 0.144388 0.832769 0.051889 0.043429
0 0.462211 0.701636 0.045685 0.046249
