0 0.325437 0.223350 0.038353 0.042865 
0 0.366610 0.211788 0.028201 0.026509 
0 0.376199 0.251833 0.027073 0.026509 
0 0.409757 0.250141 0.025381 0.025381 
0 0.373096 0.302876 0.028765 0.036097 
0 0.336999 0.289340 0.034405 0.036097 
0 0.556402 0.204456 0.033277 0.027637 
0 0.598421 0.221658 0.031585 0.027073 
0 0.547377 0.243655 0.031021 0.029329 
0 0.598985 0.273548 0.025945 0.024817 
0 0.624365 0.270446 0.022561 0.026509 
0 0.943598 0.185843 0.033841 0.025381 
0 0.922448 0.214608 0.025381 0.026509 
0 0.943034 0.245065 0.037225 0.033277 
0 0.920192 0.277778 0.025381 0.023125 
0 0.891709 0.253807 0.036097 0.030457 
0 0.890017 0.215172 0.029329 0.027637 
0 0.931190 0.391427 0.040609 0.036097 
0 0.877327 0.391709 0.034405 0.040045 
0 0.864072 0.442470 0.041737 0.042301 
0 0.800620 0.545121 0.046813 0.034405 
0 0.867174 0.587140 0.045685 0.038353 
0 0.831359 0.606599 0.049633 0.040045 
0 0.600113 0.388043 0.034969 0.034969 
0 0.573322 0.420756 0.033277 0.028201 
0 0.611675 0.486182 0.038917 0.033841 
0 0.529329 0.401297 0.038917 0.044557 
0 0.464749 0.464467 0.068810 0.067118 
0 0.502256 0.438240 0.047941 0.055274 
0 0.408347 0.406091 0.068810 0.067682 
0 0.256627 0.374224 0.086858 0.073886 
0 0.334461 0.494924 0.071066 0.070502 
0 0.244783 0.569938 0.085730 0.077270 
0 0.259165 0.614495 0.063734 0.041173 
0 0.080936 0.502820 0.031021 0.029893 
0 0.838973 0.638748 0.035533 0.023125 
0 0.199380 0.706712 0.040045 0.027073 
0 0.250987 0.797236 0.020305 0.025381 
0 0.258037 0.836435 0.037789 0.036097 
0 0.203046 0.816977 0.037225 0.047941 
0 0.191201 0.841512 0.032713 0.032713 
0 0.315849 0.615623 0.037225 0.035533 
