0 0.681895 0.076988 0.041737 0.036661
0 0.794980 0.090807 0.040045 0.034969
0 0.775522 0.066272 0.040609 0.027637
0 0.744501 0.115623 0.031585 0.031585
0 0.679357 0.182459 0.037789 0.041173
0 0.642414 0.276932 0.092499 0.076706
0 0.423294 0.270728 0.087422 0.065426
0 0.961647 0.228144 0.031585 0.032149
0 0.419628 0.344896 0.085730 0.067118
0 0.397631 0.421602 0.071066 0.062606
0 0.465031 0.446418 0.062606 0.070502
0 0.481105 0.483926 0.051889 0.057530
0 0.335589 0.508460 0.063170 0.061478
0 0.323463 0.452059 0.072758 0.055838
0 0.277778 0.364636 0.065990 0.072758
0 0.239707 0.433446 0.076706 0.060350
0 0.239989 0.545967 0.033277 0.043993
0 0.164411 0.480541 0.033277 0.041737
0 0.197688 0.482516 0.027637 0.033277
0 0.153130 0.382685 0.036661 0.035533
0 0.075578 0.427524 0.030457 0.028201
0 0.134800 0.304005 0.023689 0.023689
0 0.143824 0.233221 0.025945 0.032149
0 0.642132 0.443598 0.065990 0.078398
0 0.535251 0.580090 0.053017 0.047941
0 0.851100 0.548787 0.054146 0.057530
0 0.933164 0.655950 0.052453 0.065426
0 0.862098 0.732939 0.044557 0.045685
0 0.900733 0.712070 0.033841 0.034405
0 0.814721 0.685561 0.038917 0.040045
0 0.312747 0.545967 0.038917 0.032713
0 0.965031 0.847434 0.029329 0.035533
0 0.908629 0.887761 0.041737 0.036097
0 0.833333 0.833897 0.029893 0.047941
0 0.850536 0.774112 0.028201 0.029893
0 0.898195 0.944162 0.023125 0.027073
