0 0.367456 0.109983 0.069374 0.071066 
0 0.347152 0.165821 0.085166 0.073322 
0 0.846024 0.234631 0.071066 0.074450 
0 0.805697 0.353074 0.081782 0.076706 
0 0.753525 0.372814 0.037225 0.068810 
0 0.620135 0.320361 0.080654 0.066554 
0 0.691483 0.385787 0.115059 0.148900 
0 0.731528 0.513536 0.059786 0.060350 
0 0.720812 0.498308 0.090243 0.108855 
0 0.519459 0.481669 0.120699 0.137620 
0 0.611957 0.591371 0.080090 0.087422 
0 0.838409 0.593345 0.032149 0.037225 
0 0.776368 0.651156 0.044557 0.050197 
0 0.828539 0.579808 0.027073 0.038353 
0 0.550479 0.597293 0.084602 0.089114 
0 0.382685 0.549915 0.064862 0.071066 
0 0.176255 0.529329 0.111111 0.113367 
0 0.293006 0.582628 0.117879 0.135364 
0 0.317259 0.672307 0.082910 0.083474 
0 0.402989 0.746757 0.060350 0.063170 
0 0.401579 0.791596 0.051889 0.045685 
0 0.476593 0.777496 0.039481 0.036661 
0 0.470953 0.811901 0.040609 0.034405 
0 0.600677 0.533559 0.074450 0.028201 
0 0.177665 0.716018 0.051889 0.047941 
0 0.111675 0.575860 0.058658 0.069938 
0 0.025663 0.360688 0.026509 0.026509 
0 0.481387 0.862944 0.035533 0.032713 
0 0.715172 0.903271 0.038353 0.044557 
0 0.456007 0.883249 0.033277 0.029329 
0 0.336435 0.906091 0.033277 0.035533 
0 0.408629 0.904681 0.040045 0.038353 
0 0.371968 0.913988 0.024253 0.031021 
0 0.358996 0.936830 0.038917 0.041737 
0 0.411168 0.940214 0.042865 0.030457 
0 0.327693 0.990130 0.036097 0.019741 
0 0.349972 0.970107 0.040045 0.031585 
0 0.018895 0.966723 0.034405 0.062042 
0 0.246193 0.665821 0.050197 0.046813 
0 0.374506 0.881839 0.031585 0.024253 
0 0.355612 0.799492 0.036661 0.034405 
