0 0.031585 0.082628 0.033841 0.031021
0 0.050761 0.126622 0.040609 0.027637
0 0.131416 0.228990 0.045121 0.031585
0 0.148336 0.148336 0.031585 0.025945
0 0.890299 0.059786 0.020869 0.022561
0 0.922448 0.059504 0.025381 0.027637
0 0.982234 0.025381 0.017484 0.025945
0 0.584884 0.133954 0.030457 0.025381
0 0.569374 0.172307 0.028765 0.023125
0 0.563452 0.201354 0.030457 0.027073
0 0.408911 0.073604 0.031585 0.025381
0 0.971517 0.228144 0.020869 0.023125
0 0.993232 0.263677 0.012408 0.037789
0 0.986182 0.298646 0.020869 0.033277
0 0.920192 0.338127 0.029893 0.033277
0 0.895093 0.323181 0.024817 0.036097
0 0.817259 0.337845 0.029329 0.027073
0 0.866046 0.390863 0.031021 0.024817
0 0.897913 0.443034 0.032713 0.033277
0 0.835871 0.424986 0.024817 0.024253
0 0.813311 0.397067 0.033841 0.028201
0 0.975465 0.560350 0.031021 0.035533
0 0.986464 0.624929 0.021433 0.033841
0 0.964467 0.712352 0.036097 0.041737
0 0.834743 0.725888 0.039481 0.055274
0 0.784546 0.638748 0.043993 0.031021
0 0.706148 0.632544 0.041737 0.047941
0 0.674563 0.772138 0.039481 0.053017
0 0.637902 0.650874 0.063170 0.069938
0 0.478003 0.649182 0.044557 0.043993
0 0.448957 0.623801 0.039481 0.034969
0 0.464185 0.544839 0.050761 0.038353
0 0.419346 0.535815 0.032149 0.023689
0 0.622391 0.505076 0.038917 0.041173
0 0.595037 0.600959 0.039481 0.055838
0 0.660745 0.536097 0.036661 0.044557
0 0.620417 0.440778 0.068810 0.068246
0 0.594191 0.358996 0.065990 0.045685
0 0.612803 0.330231 0.046813 0.065990
0 0.466159 0.293852 0.084038 0.076706
0 0.391709 0.398759 0.082910 0.067682
0 0.312183 0.446136 0.050197 0.056402
0 0.322899 0.319515 0.077270 0.067118
0 0.382121 0.313593 0.047941 0.054146
0 0.106599 0.404399 0.022561 0.022561
0 0.067400 0.415962 0.029893 0.024253
0 0.044275 0.397631 0.028765 0.022561
0 0.017484 0.405809 0.024817 0.020869
0 0.012408 0.376199 0.022561 0.032713
0 0.418218 0.833897 0.020869 0.029893
0 0.716018 0.878173 0.032149 0.056402
0 0.984490 0.676819 0.024253 0.032713
