0 0.317259 0.027919 0.040045 0.047941 
0 0.374506 0.019741 0.060914 0.034969 
0 0.516356 0.034405 0.053582 0.048505 
0 0.455443 0.097293 0.046813 0.061478 
0 0.540891 0.150592 0.041737 0.054146 
0 0.598421 0.151438 0.031585 0.033277 
0 0.740553 0.013818 0.032713 0.023125 
0 0.787084 0.017202 0.032149 0.028765 
0 0.953187 0.067682 0.042865 0.037225 
0 0.888325 0.108009 0.023689 0.024253 
0 0.888889 0.135082 0.028201 0.027637 
0 0.875353 0.143260 0.037225 0.034969 
0 0.991258 0.309927 0.017484 0.056966 
0 0.728990 0.411168 0.077270 0.081218 
0 0.926396 0.546249 0.064862 0.072758 
0 0.639030 0.484490 0.049633 0.056402 
0 0.611957 0.536943 0.040609 0.054146 
0 0.402143 0.130288 0.033841 0.050761 
0 0.387761 0.229272 0.058094 0.062606 
0 0.494924 0.259165 0.029893 0.040045 
0 0.236323 0.289340 0.042865 0.028201 
0 0.097293 0.252679 0.034405 0.041737 
0 0.262549 0.254935 0.031021 0.024817 
0 0.383813 0.385223 0.040045 0.050761 
0 0.352228 0.422166 0.044557 0.036661 
0 0.528483 0.603779 0.060914 0.071630 
0 0.372814 0.545967 0.080090 0.080090 
0 0.424140 0.592217 0.053017 0.062042 
0 0.369148 0.608855 0.052453 0.056966 
0 0.099549 0.749859 0.044557 0.050197 
0 0.032713 0.907783 0.041737 0.052453 
0 0.067682 0.981669 0.032713 0.034405 
0 0.011844 0.975465 0.019177 0.043429 
0 0.898477 0.991258 0.059786 0.017484 
