0 0.094755 0.030175 0.078962 0.059222 
0 0.172871 0.060914 0.056966 0.056402 
0 0.245065 0.084320 0.049069 0.054710 
0 0.169769 0.110829 0.036097 0.036661 
0 0.139876 0.123801 0.037225 0.050197 
0 0.925550 0.280598 0.049633 0.046813 
0 0.911168 0.234349 0.036661 0.040045 
0 0.946701 0.229272 0.032149 0.052453 
0 0.388043 0.348844 0.103779 0.106599 
0 0.504794 0.333051 0.066554 0.077270 
0 0.426678 0.470671 0.087422 0.114495 
0 0.368866 0.516074 0.055274 0.089114 
0 0.317541 0.491540 0.054146 0.096447 
0 0.572194 0.747321 0.046813 0.064298 
0 0.506204 0.853920 0.037789 0.058658 
0 0.592217 0.932600 0.043993 0.056966 
0 0.641568 0.818669 0.046813 0.046813 
0 0.677383 0.639030 0.050761 0.051889 
