0 0.062888 0.056684 0.021997 0.026509
0 0.099831 0.083192 0.029329 0.024253
0 0.137620 0.020587 0.028201 0.023125
0 0.172307 0.084602 0.031021 0.034969
0 0.217710 0.104061 0.024817 0.024253
0 0.238015 0.103779 0.015792 0.022561
0 0.222786 0.126340 0.023689 0.013536
0 0.172307 0.121545 0.023125 0.033277
0 0.181331 0.168923 0.026509 0.034405
0 0.393683 0.027919 0.023689 0.025381
0 0.431190 0.058376 0.020869 0.025381
0 0.409193 0.063170 0.016356 0.023689
0 0.545403 0.054146 0.038353 0.051889
0 0.494078 0.078962 0.028201 0.033841
0 0.518895 0.102933 0.034969 0.034405
0 0.490694 0.114495 0.021433 0.029329
0 0.469543 0.101805 0.012972 0.034405
0 0.479131 0.167513 0.031021 0.033841
0 0.457699 0.178511 0.032149 0.038917
0 0.494360 0.206148 0.036661 0.029893
0 0.614777 0.157078 0.033841 0.035533
0 0.586858 0.224478 0.021997 0.016920
0 0.554146 0.190355 0.017484 0.021997
0 0.794416 0.121827 0.024253 0.025945
0 0.852792 0.185279 0.034969 0.027637
0 0.893683 0.154258 0.029893 0.021997
0 0.915962 0.177665 0.048505 0.046249
0 0.939650 0.226170 0.037225 0.039481
0 0.895657 0.216300 0.042865 0.029893
0 0.787930 0.311337 0.027073 0.025945
0 0.756909 0.288776 0.043993 0.042865
0 0.320079 0.249013 0.035533 0.036661
0 0.264523 0.227298 0.043993 0.042865
0 0.276650 0.280316 0.046813 0.041737
0 0.285674 0.348844 0.043429 0.036661
0 0.329385 0.360970 0.029329 0.028201
0 0.046249 0.352228 0.048505 0.044557
0 0.083192 0.422166 0.040045 0.036661
0 0.219402 0.489284 0.077834 0.077270
0 0.283700 0.523125 0.047377 0.046813
0 0.338409 0.532713 0.049633 0.052453
0 0.291032 0.565990 0.053017 0.045685
0 0.399605 0.631980 0.040045 0.043429
0 0.166949 0.617033 0.039481 0.036097
0 0.222786 0.545685 0.062042 0.040045
0 0.104343 0.646362 0.032713 0.027073
0 0.676537 0.467569 0.108855 0.104907
0 0.646644 0.390299 0.081782 0.047377
0 0.735477 0.414270 0.059786 0.054710
0 0.594755 0.449521 0.043429 0.066554
0 0.640722 0.540609 0.046249 0.058094
0 0.695713 0.560350 0.046813 0.038917
0 0.760011 0.469261 0.051325 0.045121
0 0.727862 0.520869 0.058094 0.059222
0 0.807953 0.497744 0.073886 0.041173
0 0.356176 0.450085 0.029893 0.036097
0 0.485054 0.299774 0.036097 0.037789
0 0.325155 0.807389 0.061478 0.032149
0 0.145798 0.809081 0.085166 0.081782
0 0.208122 0.764523 0.055274 0.047941
0 0.247603 0.858996 0.063170 0.065426
0 0.225324 0.917372 0.068246 0.069374
