0 0.187817 0.046249 0.063170 0.058658
0 0.226734 0.120417 0.051889 0.049069
0 0.319515 0.081500 0.067118 0.059222
0 0.257473 0.011844 0.062606 0.022561
0 0.085730 0.060632 0.074450 0.054710
0 0.111957 0.020305 0.049069 0.032713
0 0.036379 0.016356 0.067118 0.031585
0 0.036379 0.184715 0.038917 0.050197
0 0.829103 0.108573 0.034969 0.034405
0 0.771574 0.133672 0.032713 0.038353
0 0.775240 0.088832 0.040045 0.033277
0 0.711224 0.149182 0.045121 0.041173
0 0.875353 0.242245 0.043993 0.041173
0 0.895657 0.307107 0.040609 0.040045
0 0.822899 0.277496 0.043993 0.039481
0 0.885787 0.335025 0.034405 0.024817
0 0.633672 0.223632 0.080654 0.062606
0 0.657360 0.273266 0.079526 0.064862
0 0.562888 0.219966 0.076706 0.065426
0 0.256627 0.349972 0.078962 0.068246
0 0.092781 0.386915 0.117879 0.080090
0 0.194867 0.512690 0.079526 0.080090
0 0.335871 0.502820 0.086294 0.086294
0 0.346024 0.448675 0.050197 0.042301
0 0.298082 0.548787 0.043429 0.037225
0 0.299210 0.608291 0.056966 0.054710
0 0.148054 0.585448 0.047941 0.057530
0 0.585448 0.437676 0.053017 0.046249
0 0.034687 0.615059 0.051325 0.049069
0 0.057812 0.663001 0.054710 0.034405
0 0.026227 0.735195 0.044557 0.042301
0 0.065708 0.741399 0.035533 0.040045
0 0.813593 0.627186 0.070502 0.067682
0 0.845742 0.670333 0.041173 0.042301
0 0.847716 0.566836 0.074450 0.066554
0 0.750987 0.604907 0.047941 0.050197
0 0.812747 0.763677 0.049633 0.062042
0 0.979977 0.703328 0.033277 0.059786
