0 0.693175 0.061478 0.029329 0.020305
0 0.696842 0.082346 0.037789 0.028201
0 0.777778 0.103779 0.020305 0.028201
0 0.612521 0.138748 0.032713 0.038353
0 0.604625 0.172307 0.030457 0.032149
0 0.637056 0.206148 0.027637 0.029893
0 0.693739 0.217992 0.028201 0.020869
0 0.692893 0.251269 0.029893 0.025381
0 0.630006 0.246475 0.031585 0.029329
0 0.577270 0.250141 0.024253 0.032149
0 0.712916 0.330795 0.034969 0.041173
0 0.749295 0.352510 0.024253 0.028201
0 0.696277 0.290186 0.031021 0.031021
0 0.622955 0.285956 0.035533 0.022561
0 0.635364 0.338409 0.037789 0.039481
0 0.656232 0.360688 0.035533 0.045685
0 0.744783 0.475747 0.019741 0.025381
0 0.684997 0.482234 0.033277 0.031585
0 0.617033 0.507050 0.022561 0.021433
0 0.581218 0.403271 0.040045 0.053017
0 0.598139 0.456571 0.032149 0.032149
0 0.392273 0.286520 0.040045 0.041737
0 0.391145 0.398477 0.034405 0.029893
0 0.302876 0.531585 0.016920 0.021997
0 0.238015 0.412014 0.023689 0.021997
0 0.259165 0.383813 0.017484 0.023125
0 0.243655 0.365482 0.018049 0.016920
0 0.223632 0.378737 0.020869 0.023125
0 0.206712 0.245065 0.019741 0.027637
0 0.215454 0.218556 0.030457 0.025381
0 0.100113 0.239707 0.026509 0.016920
0 0.082346 0.350818 0.022561 0.020305
0 0.367456 0.062324 0.036661 0.035533
0 0.379301 0.007050 0.040045 0.012972
0 0.123801 0.888043 0.032149 0.045685
0 0.064016 0.846588 0.045685 0.036097
0 0.122955 0.940778 0.024817 0.033841
0 0.135646 0.969825 0.034405 0.031021
0 0.675127 0.818951 0.045121 0.059786
0 0.714326 0.840666 0.034405 0.043429
0 0.636210 0.888607 0.037225 0.041173
0 0.639030 0.844614 0.028201 0.023125
0 0.572476 0.833051 0.031585 0.027073
0 0.624647 0.749295 0.046813 0.034405
0 0.911450 0.653694 0.030457 0.032713
0 0.961083 0.688381 0.036097 0.035533
0 0.886633 0.663847 0.016920 0.032713
0 0.849126 0.685561 0.036661 0.029893
0 0.972081 0.737451 0.047941 0.043429
0 0.909193 0.844332 0.042865 0.049633
0 0.881557 0.836999 0.025945 0.041737
0 0.925550 0.793852 0.040609 0.037789
0 0.959109 0.949521 0.063734 0.062606
0 0.943316 0.917654 0.046813 0.046249
