0 0.305979 0.026791 0.050197 0.045685 
0 0.268754 0.064298 0.050197 0.057530 
0 0.334743 0.297236 0.051325 0.068810 
0 0.263959 0.289904 0.085730 0.109419 
0 0.386915 0.333051 0.081218 0.085166 
0 0.292724 0.362944 0.089114 0.062606 
0 0.363790 0.456853 0.069938 0.065426 
0 0.478849 0.498872 0.058658 0.073886 
0 0.435420 0.492950 0.029329 0.053017 
0 0.398195 0.402707 0.054146 0.038353 
0 0.956571 0.273266 0.032713 0.031021 
0 0.725606 0.038917 0.053582 0.072194 
0 0.669487 0.527355 0.039481 0.040609 
0 0.719120 0.530739 0.036097 0.059786 
0 0.681331 0.604625 0.045121 0.060914 
0 0.739143 0.640440 0.049069 0.041173 
0 0.777214 0.559504 0.039481 0.047377 
0 0.652284 0.474619 0.047941 0.060350 
0 0.012972 0.498026 0.021433 0.039481 
0 0.371968 0.537225 0.023125 0.021997 
0 0.348280 0.818387 0.045685 0.058658 
0 0.450931 0.658488 0.056966 0.068246 
0 0.497744 0.659334 0.044557 0.064298 
0 0.793570 0.852228 0.062042 0.077834 
0 0.783136 0.948111 0.069374 0.086858 
0 0.689791 0.900169 0.054146 0.065426 
0 0.737451 0.928370 0.020869 0.032713 
0 0.666949 0.957417 0.041173 0.046813 
0 0.625494 0.947829 0.053017 0.060350 
0 0.596165 0.966723 0.033841 0.047377 
0 0.966159 0.528483 0.049633 0.037225 
0 0.568810 0.537225 0.028765 0.041173 
0 0.560632 0.677947 0.028201 0.029329 
