0 0.632826 0.249013 0.047377 0.050197
0 0.470389 0.145516 0.055274 0.055274
0 0.377327 0.133954 0.075578 0.069374
0 0.295262 0.519459 0.041173 0.033841
0 0.217992 0.431754 0.042301 0.044557
0 0.097857 0.412296 0.055838 0.041737
0 0.881839 0.273266 0.086294 0.077270
0 0.942188 0.270728 0.038917 0.054146
0 0.881275 0.367456 0.060350 0.061478
0 0.816695 0.510152 0.037225 0.028765
0 0.589397 0.718838 0.058658 0.050197
0 0.704738 0.666667 0.061478 0.059786
0 0.983644 0.647490 0.032713 0.032713
0 0.646926 0.869994 0.034969 0.029893
0 0.708404 0.867456 0.039481 0.030457
0 0.875353 0.933728 0.043993 0.035533
0 0.670333 0.931472 0.029893 0.025381
0 0.611393 0.873942 0.030457 0.044557
0 0.452623 0.663001 0.038917 0.035533
0 0.282572 0.697406 0.025945 0.028765
0 0.142978 0.854202 0.056966 0.049069
0 0.196842 0.849690 0.045121 0.038917
0 0.175127 0.924986 0.036661 0.045121
0 0.209532 0.927524 0.024253 0.035533
0 0.114495 0.869430 0.027073 0.045685
