0 0.097293 0.103779 0.036661 0.037225 
0 0.144670 0.012690 0.034405 0.024253 
0 0.068810 0.172025 0.036097 0.047377 
0 0.166949 0.216864 0.051889 0.032149 
0 0.662155 0.046249 0.032713 0.033841 
0 0.716300 0.034969 0.037225 0.036097 
0 0.970389 0.128032 0.026509 0.037225 
0 0.968415 0.171179 0.030457 0.029893 
0 0.983644 0.230682 0.024817 0.030457 
0 0.934856 0.241117 0.035533 0.023125 
0 0.553582 0.205584 0.062606 0.065990 
0 0.606035 0.230400 0.038917 0.036661 
0 0.619571 0.292442 0.023125 0.044557 
0 0.353920 0.355612 0.078398 0.086294 
0 0.516074 0.386633 0.085730 0.069374 
0 0.440778 0.477157 0.085166 0.099267 
0 0.323745 0.447547 0.112803 0.112239 
0 0.285956 0.545967 0.085730 0.086858 
0 0.529611 0.657078 0.072194 0.097011 
0 0.491822 0.689509 0.039481 0.051325 
0 0.721376 0.710378 0.051889 0.055838 
0 0.848280 0.620981 0.065426 0.057530 
0 0.048505 0.911732 0.031585 0.033277 
0 0.266497 0.603215 0.040045 0.031021 
0 0.503384 0.276086 0.053582 0.028765 
