0 0.340384 0.064298 0.070502 0.056402 
0 0.299492 0.269600 0.056402 0.073322 
0 0.272984 0.361534 0.056402 0.064298 
0 0.949239 0.137620 0.100395 0.107163 
0 0.952905 0.226452 0.062606 0.070502 
0 0.983926 0.049633 0.026509 0.072194 
0 0.542301 0.477721 0.064862 0.074450 
0 0.572758 0.536661 0.046813 0.061478 
0 0.570220 0.612803 0.028201 0.058094 
0 0.518331 0.539763 0.063170 0.069938 
0 0.462775 0.454597 0.052453 0.049633 
0 0.442188 0.537225 0.060914 0.064862 
0 0.609983 0.707558 0.037789 0.036661 
0 0.933728 0.772984 0.033277 0.038917 
0 0.221376 0.872250 0.036661 0.038917 
0 0.240553 0.909475 0.037789 0.028765 
0 0.337281 0.983644 0.039481 0.030457 
