0 0.142132 0.014382 0.024817 0.024253
0 0.158770 0.035251 0.016356 0.023125
0 0.174845 0.033559 0.016920 0.017484
0 0.197406 0.038071 0.020305 0.023125
0 0.180485 0.052171 0.018049 0.019741
0 0.054146 0.159898 0.016920 0.021997
0 0.076424 0.162155 0.016356 0.020869
0 0.096447 0.169769 0.020305 0.020305
0 0.102651 0.201072 0.025945 0.023125
0 0.081500 0.183023 0.017484 0.019741
0 0.073886 0.190919 0.013536 0.019741
0 0.184715 0.189509 0.023125 0.027073
0 0.219966 0.197124 0.022561 0.023125
0 0.253807 0.220812 0.016920 0.025381
0 0.266497 0.263677 0.017484 0.019741
0 0.228144 0.228426 0.023125 0.027073
0 0.207276 0.222786 0.016356 0.019177
0 0.188663 0.210096 0.017484 0.014100
0 0.173153 0.223914 0.013536 0.014664
0 0.151156 0.242809 0.019177 0.031021
0 0.141568 0.266497 0.020305 0.024253
0 0.075296 0.330513 0.012972 0.012408
0 0.057248 0.305133 0.018613 0.019177
0 0.050761 0.336435 0.018049 0.017484
0 0.051889 0.326283 0.014664 0.008460
0 0.045403 0.319797 0.017484 0.012408
0 0.028765 0.316695 0.018049 0.012972
0 0.028201 0.336717 0.016920 0.013536
0 0.030175 0.351946 0.018613 0.014664
0 0.290186 0.368020 0.016356 0.015228
0 0.300902 0.433728 0.016356 0.018049
0 0.343204 0.072194 0.023125 0.020305
0 0.373096 0.065990 0.015228 0.011280
0 0.436266 0.073604 0.012972 0.012972
0 0.344896 0.142978 0.017484 0.026509
0 0.317541 0.147208 0.019177 0.023689
0 0.193175 0.083756 0.015228 0.019741
0 0.441906 0.205584 0.023125 0.023125
0 0.448111 0.208968 0.023125 0.023125
0 0.435702 0.244219 0.019741 0.024817
0 0.415680 0.250705 0.021433 0.028765
0 0.451495 0.245347 0.012972 0.016920
0 0.501692 0.277496 0.017484 0.014664
0 0.508178 0.302312 0.012408 0.013536
0 0.495770 0.299492 0.013536 0.015792
0 0.481387 0.274394 0.020869 0.019741
0 0.480259 0.295262 0.010716 0.015228
0 0.468133 0.298082 0.013536 0.017484
0 0.435984 0.314157 0.016920 0.015792
0 0.446418 0.357304 0.015228 0.016356
0 0.433728 0.366328 0.014664 0.011844
0 0.426960 0.340666 0.018049 0.019177
0 0.401297 0.329385 0.020869 0.015792
0 0.387197 0.311055 0.016356 0.014100
0 0.397631 0.343204 0.015792 0.016356
0 0.379301 0.340102 0.017484 0.016920
0 0.453469 0.173153 0.020305 0.019177
0 0.677383 0.099267 0.022561 0.022561
0 0.654258 0.101241 0.016920 0.019741
0 0.751551 0.137902 0.016356 0.010716
0 0.754371 0.128596 0.012972 0.007896
0 0.733221 0.134800 0.013536 0.012408
0 0.733785 0.164411 0.016920 0.014100
0 0.667795 0.187253 0.018049 0.011280
0 0.679075 0.204174 0.014664 0.015792
0 0.799774 0.090525 0.013536 0.010716
0 0.793288 0.101523 0.010716 0.009024
0 0.859278 0.106599 0.012972 0.009024
0 0.871122 0.115341 0.014100 0.011844
0 0.873942 0.097011 0.007332 0.018049
0 0.838973 0.146644 0.021997 0.024817
0 0.869712 0.174563 0.015792 0.015228
0 0.856176 0.156232 0.010152 0.009024
0 0.868866 0.160462 0.010716 0.009588
0 0.902707 0.028201 0.018613 0.016920
0 0.919910 0.070784 0.019177 0.016356
0 0.903553 0.009870 0.016920 0.014100
0 0.948111 0.169205 0.021433 0.015792
0 0.918500 0.183869 0.018613 0.022561
0 0.911168 0.161309 0.018613 0.018049
0 0.890299 0.149464 0.018613 0.020305
0 0.892555 0.089397 0.025381 0.020869
0 0.909475 0.114777 0.024253 0.026509
0 0.825155 0.192047 0.028201 0.024253
0 0.800338 0.171179 0.025945 0.019741
0 0.791878 0.208404 0.025945 0.021997
0 0.772420 0.194021 0.028765 0.029329
0 0.753243 0.196277 0.016356 0.022561
0 0.763959 0.219402 0.020869 0.016920
0 0.753243 0.227016 0.019741 0.021997
0 0.741963 0.248167 0.021997 0.021433
0 0.770446 0.287084 0.024817 0.023689
0 0.834179 0.247039 0.015792 0.024817
0 0.685843 0.156232 0.021433 0.019177
0 0.627186 0.179357 0.014664 0.015792
0 0.593345 0.194867 0.022561 0.016356
0 0.608291 0.210096 0.017484 0.011844
0 0.612521 0.224196 0.020305 0.016356
0 0.632826 0.240835 0.028201 0.025945
0 0.643824 0.229554 0.024253 0.025945
0 0.574732 0.196842 0.016920 0.019177
0 0.585448 0.221094 0.025945 0.014664
0 0.587422 0.238861 0.033277 0.029893
0 0.643542 0.263113 0.020305 0.017484
0 0.663847 0.278624 0.013536 0.014664
0 0.634800 0.296954 0.024253 0.018613
0 0.611675 0.268754 0.020869 0.020869
0 0.584038 0.269882 0.027637 0.027637
0 0.598139 0.302312 0.028765 0.030457
0 0.557812 0.274394 0.027073 0.033277
0 0.702482 0.294134 0.033277 0.037789
0 0.738579 0.320079 0.027637 0.028765
0 0.732092 0.300620 0.021433 0.015792
0 0.738297 0.361816 0.020305 0.020869
0 0.707276 0.339538 0.022561 0.019177
0 0.705584 0.365200 0.034969 0.029893
0 0.680203 0.356458 0.014664 0.015792
0 0.666949 0.335871 0.036661 0.032149
0 0.677101 0.306543 0.019741 0.019741
0 0.569656 0.370276 0.018049 0.016356
0 0.554992 0.375071 0.024817 0.025945
0 0.530739 0.387479 0.018049 0.028201
0 0.895939 0.295262 0.026509 0.017484
0 0.943034 0.341794 0.038353 0.031585
0 0.988720 0.342076 0.012408 0.020869
0 0.939650 0.375071 0.031585 0.033841
0 0.882121 0.380711 0.036097 0.028201
0 0.891991 0.339820 0.033277 0.035533
0 0.908065 0.321771 0.028201 0.024253
0 0.859560 0.349972 0.030457 0.032149
0 0.820643 0.577270 0.030457 0.032149
0 0.871686 0.536379 0.036661 0.034969
0 0.875635 0.509024 0.028765 0.017484
0 0.844050 0.498590 0.034405 0.036097
0 0.832205 0.484208 0.033277 0.026509
0 0.805133 0.514664 0.026509 0.028765
0 0.521715 0.511562 0.022561 0.024817
0 0.509024 0.537507 0.027637 0.028201
0 0.510152 0.497462 0.020869 0.015792
0 0.474901 0.500000 0.027073 0.019741
0 0.467005 0.525663 0.033841 0.031585
0 0.470107 0.558094 0.034405 0.031021
0 0.445854 0.536661 0.017484 0.023125
0 0.434010 0.557248 0.020869 0.018049
0 0.411168 0.543147 0.023689 0.020305
0 0.422166 0.515228 0.021997 0.021997
0 0.453187 0.505358 0.017484 0.014664
0 0.450649 0.490694 0.012408 0.015792
0 0.432882 0.495488 0.018613 0.018613
0 0.401861 0.507896 0.016356 0.018613
0 0.577270 0.730400 0.037789 0.040609
0 0.567964 0.785956 0.034969 0.028765
0 0.507614 0.739425 0.041737 0.040609
0 0.529611 0.782572 0.031585 0.033277
0 0.526791 0.811055 0.031585 0.022561
0 0.484490 0.798364 0.039481 0.041173
0 0.384377 0.919346 0.035533 0.029329
0 0.240835 0.547095 0.018049 0.016920
0 0.230964 0.525381 0.019741 0.019741
0 0.188099 0.532713 0.018613 0.015228
0 0.169769 0.506768 0.025945 0.023125
0 0.152284 0.506486 0.013536 0.020305
0 0.149746 0.535815 0.029893 0.025945
0 0.189509 0.558658 0.019177 0.019741
0 0.173999 0.551607 0.024253 0.024817
0 0.142978 0.566554 0.031021 0.028765
0 0.124647 0.540609 0.023689 0.026509
0 0.089397 0.597575 0.017484 0.023125
0 0.078680 0.583474 0.016356 0.011844
0 0.069092 0.608855 0.014100 0.016356
0 0.074450 0.620417 0.023689 0.013536
0 0.055556 0.597011 0.023125 0.018613
0 0.045121 0.593627 0.011280 0.018613
0 0.128878 0.642132 0.025381 0.021997
0 0.102933 0.635646 0.026509 0.022561
0 0.105471 0.674845 0.031585 0.025381
0 0.086858 0.692893 0.021433 0.016356
0 0.072194 0.683587 0.019177 0.020305
0 0.076142 0.658206 0.033841 0.028201
0 0.551043 0.404399 0.018049 0.016920
