0 0.637056 0.165539 0.091935 0.073886 
0 0.532995 0.347152 0.094755 0.088550 
0 0.706994 0.267625 0.082910 0.091935 
0 0.623519 0.282008 0.080654 0.074450 
0 0.684715 0.494924 0.099267 0.062606 
0 0.481105 0.696842 0.120699 0.115623 
0 0.330231 0.852510 0.090807 0.091935 
0 0.507050 0.873942 0.065426 0.058094 
0 0.663001 0.938804 0.084038 0.075014 
0 0.642414 0.879583 0.082346 0.037789 
0 0.330795 0.974337 0.068246 0.051325 
0 0.259447 0.989002 0.080090 0.021997 
0 0.189227 0.525381 0.062606 0.041173 
