0 0.280880 0.134518 0.029329 0.037789 
0 0.312183 0.174281 0.036661 0.033841 
0 0.028201 0.217710 0.031585 0.037225 
0 0.808799 0.280034 0.037225 0.031021 
0 0.961929 0.389453 0.021997 0.025381 
0 0.526509 0.535533 0.042301 0.044557 
0 0.441060 0.628596 0.063170 0.084038 
0 0.389171 0.627468 0.039481 0.063734 
0 0.351382 0.573322 0.067682 0.070502 
0 0.377609 0.492104 0.069374 0.067118 
0 0.241963 0.531867 0.042865 0.043993 
0 0.178229 0.536943 0.058658 0.046249 
0 0.158770 0.491822 0.043429 0.043993 
0 0.459109 0.922448 0.046249 0.055838 
0 0.528483 0.956289 0.036097 0.049069 
0 0.478849 0.863508 0.046249 0.037225 
0 0.640158 0.636210 0.038353 0.064298 
