0 0.071066 0.346588 0.077834 0.075014
0 0.064298 0.282572 0.059786 0.050761
0 0.009870 0.276086 0.017484 0.055838
0 0.483926 0.274676 0.089114 0.087986
0 0.555274 0.217146 0.085166 0.064298
0 0.575578 0.294134 0.090807 0.085166
0 0.464185 0.184151 0.087986 0.059222
0 0.401861 0.221376 0.084038 0.075014
0 0.355330 0.306825 0.087986 0.087986
0 0.353074 0.368302 0.072194 0.038353
0 0.463339 0.366610 0.089679 0.075578
0 0.416526 0.448393 0.098703 0.086858
0 0.516074 0.508460 0.040609 0.036661
0 0.814439 0.031585 0.040609 0.041737
0 0.955443 0.186689 0.023689 0.021433
0 0.578962 0.402143 0.086294 0.087986
0 0.464467 0.577552 0.054710 0.059786
0 0.527355 0.615341 0.063170 0.068810
0 0.623519 0.584884 0.061478 0.068810
0 0.688663 0.658206 0.065426 0.074450
0 0.619853 0.683023 0.089114 0.085730
0 0.497462 0.728426 0.077834 0.081782
0 0.602933 0.768190 0.068810 0.073322
0 0.952623 0.460801 0.075578 0.064298
0 0.971235 0.560068 0.057530 0.062042
0 0.912860 0.591653 0.063734 0.055274
