0 0.145234 0.313029 0.129160 0.113931 
0 0.331641 0.239989 0.087986 0.082910 
0 0.450367 0.200508 0.135928 0.135928 
0 0.595601 0.157924 0.099267 0.109419 
0 0.718838 0.297800 0.091935 0.064298 
0 0.522561 0.302030 0.104343 0.103215 
0 0.537507 0.436266 0.127468 0.114495 
0 0.360970 0.343486 0.126340 0.119571 
0 0.348280 0.548223 0.056966 0.057530 
0 0.293006 0.612239 0.072758 0.052453 
0 0.182741 0.565990 0.134236 0.112239 
0 0.496616 0.565144 0.063734 0.062042 
0 0.614777 0.546813 0.098139 0.084038 
0 0.837281 0.479413 0.114495 0.115059 
0 0.789340 0.591653 0.130288 0.111675 
0 0.481669 0.689509 0.121827 0.113367 
0 0.629724 0.734067 0.090807 0.090807 
0 0.529329 0.771292 0.080654 0.072758 
0 0.488156 0.856176 0.065990 0.063170 
0 0.929498 0.908347 0.085730 0.081782 
