0 0.034969 0.054146 0.041737 0.028201
0 0.053017 0.030739 0.038353 0.028765
0 0.046813 0.121545 0.046249 0.033277
0 0.067682 0.184715 0.034969 0.033277
0 0.061196 0.300902 0.028765 0.036661
0 0.089114 0.335025 0.034969 0.031585
0 0.107163 0.386069 0.032713 0.029893
0 0.086294 0.414834 0.031585 0.034405
0 0.210660 0.163283 0.033277 0.028765
0 0.223632 0.206148 0.019741 0.029893
0 0.248449 0.223632 0.025381 0.036661
0 0.268754 0.186689 0.027637 0.031585
0 0.304569 0.225888 0.023689 0.026509
0 0.370276 0.128314 0.027637 0.031021
0 0.414270 0.158488 0.034405 0.021433
0 0.605471 0.249295 0.031021 0.031585
0 0.697406 0.013536 0.035533 0.022561
0 0.757473 0.074732 0.034969 0.036661
0 0.743937 0.115905 0.036097 0.042301
0 0.664129 0.157078 0.033277 0.034405
0 0.776086 0.194303 0.032713 0.036661
0 0.823463 0.219966 0.041737 0.042865
0 0.938522 0.140158 0.045121 0.043429
0 0.923576 0.061760 0.029893 0.026509
0 0.953751 0.078398 0.018049 0.022561
0 0.988720 0.033559 0.022561 0.038917
0 0.876763 0.058376 0.041173 0.046813
0 0.868584 0.377891 0.040609 0.034969
0 0.860124 0.437958 0.058658 0.050197
0 0.808517 0.486464 0.049069 0.042301
0 0.804287 0.518613 0.033841 0.021997
0 0.784828 0.559786 0.046813 0.046813
0 0.726452 0.563734 0.041737 0.037789
0 0.655386 0.495770 0.046249 0.042865
0 0.553864 0.528483 0.038353 0.030457
0 0.727016 0.390863 0.053017 0.046249
0 0.719684 0.319797 0.047377 0.025945
0 0.763113 0.304005 0.031585 0.034969
0 0.936266 0.674281 0.054146 0.047941
0 0.913424 0.713762 0.041173 0.044557
0 0.716300 0.730964 0.057530 0.033841
0 0.797518 0.737733 0.043993 0.047377
0 0.805415 0.827975 0.037225 0.053017
0 0.738579 0.651438 0.037789 0.049633
0 0.893119 0.885787 0.044557 0.046813
0 0.596729 0.288212 0.023689 0.029329
0 0.516920 0.311619 0.045685 0.040045
0 0.573040 0.350818 0.031585 0.032713
0 0.437112 0.346306 0.047377 0.041737
0 0.379583 0.290186 0.056402 0.052453
0 0.321207 0.349690 0.045685 0.036097
0 0.276086 0.347998 0.033277 0.031585
0 0.377045 0.446136 0.049069 0.043993
0 0.023689 0.464185 0.041737 0.040609
0 0.108573 0.447547 0.037789 0.041173
0 0.093063 0.488156 0.038353 0.033277
0 0.177665 0.526509 0.039481 0.037789
0 0.219966 0.533559 0.028201 0.028201
0 0.195995 0.615623 0.029893 0.025381
0 0.062042 0.540891 0.039481 0.039481
0 0.035251 0.643260 0.035533 0.037789
0 0.077270 0.606599 0.039481 0.040045
0 0.045685 0.607727 0.023689 0.025381
0 0.626622 0.912860 0.050761 0.031021
0 0.600959 0.862098 0.040045 0.040045
0 0.259729 0.953751 0.036661 0.045121
0 0.199380 0.938804 0.031021 0.044557
0 0.162437 0.961929 0.032713 0.034405
