0 0.600959 0.339538 0.108855 0.113931 
0 0.690355 0.314157 0.068810 0.093627 
0 0.728426 0.278060 0.079526 0.072194 
0 0.757755 0.345178 0.087422 0.106035 
0 0.802594 0.367174 0.067682 0.076706 
0 0.616469 0.408629 0.087986 0.046813 
0 0.670615 0.466159 0.124083 0.134800 
0 0.775240 0.512126 0.103215 0.095883 
0 0.519459 0.362380 0.071066 0.071630 
0 0.454033 0.409475 0.109419 0.108291 
0 0.526227 0.599831 0.109419 0.086294 
0 0.674563 0.631698 0.078962 0.075578 
0 0.612239 0.532995 0.068246 0.059786 
0 0.340102 0.536943 0.047377 0.054146 
0 0.313029 0.576142 0.073322 0.060350 
0 0.583756 0.716864 0.097011 0.106035 
0 0.478849 0.748731 0.106035 0.094191 
0 0.444162 0.842640 0.054710 0.054146 
0 0.476593 0.898759 0.067682 0.059222 
0 0.461365 0.952341 0.049633 0.056966 
0 0.966159 0.820361 0.046249 0.055838 
