0 0.150874 0.228144 0.028765 0.025381 
0 0.440496 0.261139 0.066554 0.031585 
0 0.355048 0.333333 0.047941 0.049633 
0 0.344614 0.420474 0.053017 0.053582 
0 0.393119 0.456007 0.041737 0.044557 
0 0.506486 0.439368 0.036097 0.041737 
0 0.622109 0.421602 0.062042 0.059222 
0 0.668641 0.280316 0.044557 0.046249 
0 0.697406 0.335589 0.060350 0.063170 
0 0.733221 0.302594 0.057530 0.044557 
0 0.749577 0.340384 0.037225 0.033277 
0 0.770446 0.416244 0.033841 0.030457 
0 0.773266 0.439650 0.030457 0.021997 
0 0.244783 0.346306 0.022561 0.030457 
0 0.214608 0.361534 0.019741 0.027073 
0 0.169487 0.571066 0.037789 0.035533 
0 0.097011 0.547941 0.032713 0.029893 
0 0.167795 0.496052 0.038917 0.033277 
0 0.155950 0.655386 0.050197 0.032713 
0 0.279470 0.527355 0.049069 0.054146 
0 0.338691 0.534405 0.021997 0.045685 
0 0.329949 0.621827 0.037225 0.055838 
0 0.261421 0.634518 0.042301 0.048505 
0 0.314439 0.700508 0.021997 0.043993 
0 0.291314 0.681895 0.028765 0.033841 
0 0.598421 0.564862 0.033841 0.054710 
0 0.100113 0.904963 0.037789 0.027637 
0 0.946418 0.640722 0.036097 0.032713 
0 0.984772 0.755499 0.029329 0.046813 
0 0.960237 0.774112 0.040045 0.038917 
