0 0.031585 0.016638 0.043993 0.024253
0 0.341512 0.331077 0.082910 0.084602
0 0.230964 0.426114 0.058094 0.054710
0 0.296108 0.421884 0.060914 0.066554
0 0.396221 0.412014 0.077270 0.084038
0 0.312465 0.518049 0.081218 0.082910
0 0.241963 0.604907 0.074450 0.069374
0 0.332487 0.687535 0.035533 0.033841
0 0.395657 0.551607 0.070502 0.082346
0 0.468697 0.446136 0.037225 0.034969
0 0.571348 0.440778 0.092499 0.088550
0 0.679357 0.420756 0.059222 0.065426
0 0.694585 0.592217 0.053582 0.081218
0 0.638466 0.610829 0.039481 0.060914
0 0.864072 0.472363 0.036097 0.037789
0 0.911732 0.506486 0.037789 0.045121
0 0.840102 0.529611 0.029893 0.036097
0 0.884095 0.570220 0.037789 0.046249
0 0.782572 0.526791 0.033277 0.049633
0 0.893965 0.770728 0.043993 0.045685
0 0.771010 0.760293 0.031585 0.046249
0 0.457417 0.900169 0.081218 0.057530
0 0.341512 0.891991 0.033277 0.029893
0 0.608573 0.073040 0.029329 0.029893
0 0.534687 0.080090 0.019177 0.022561
0 0.979695 0.220530 0.027073 0.028201
