0 0.935138 0.050761 0.022561 0.018049
0 0.902989 0.051325 0.020305 0.022561
0 0.866046 0.167513 0.027637 0.023689
0 0.349408 0.082064 0.050197 0.047941
0 0.232657 0.039481 0.065990 0.064298
0 0.124929 0.023971 0.055838 0.043429
0 0.674281 0.366610 0.098703 0.099267
0 0.781726 0.496898 0.067682 0.073322
0 0.626904 0.449521 0.069374 0.080090
0 0.601523 0.575578 0.073886 0.090807
0 0.698534 0.635082 0.085166 0.082346
0 0.479131 0.584884 0.060350 0.063170
0 0.478003 0.465595 0.089679 0.104343
0 0.390299 0.516074 0.036097 0.042865
0 0.390299 0.592217 0.067682 0.077834
0 0.466441 0.628878 0.045121 0.037225
0 0.376763 0.634236 0.045121 0.042301
0 0.147772 0.871122 0.045121 0.031021
0 0.090243 0.893683 0.047377 0.049069
