0 0.855048 0.149182 0.063170 0.072758 
0 0.906091 0.066554 0.062606 0.063170 
0 0.988720 0.039481 0.022561 0.064298 
0 0.796108 0.055556 0.070502 0.078398 
0 0.802876 0.152566 0.038917 0.062606 
0 0.901579 0.242527 0.056966 0.056402 
0 0.917654 0.377045 0.045121 0.043429 
0 0.856740 0.389735 0.042865 0.042865 
0 0.493232 0.411168 0.099831 0.092499 
0 0.391427 0.484772 0.074450 0.075014 
0 0.450649 0.541455 0.071066 0.068810 
0 0.523971 0.542019 0.069938 0.065426 
0 0.414834 0.594755 0.058094 0.054710 
0 0.606881 0.442188 0.082346 0.068810 
0 0.648054 0.490694 0.065426 0.077834 
