0 0.054146 0.053582 0.023689 0.027073
0 0.034969 0.049633 0.011280 0.027073
0 0.092217 0.069656 0.020869 0.026509
0 0.194303 0.095037 0.020869 0.018613
0 0.168077 0.106881 0.025945 0.028765
0 0.190073 0.186971 0.031585 0.035533
0 0.167231 0.234349 0.026509 0.035533
0 0.122955 0.222786 0.030457 0.034969
0 0.013254 0.250705 0.018613 0.031021
0 0.064016 0.285392 0.027637 0.029329
0 0.107445 0.296390 0.031021 0.032149
0 0.046531 0.359278 0.035533 0.037225
0 0.206430 0.295826 0.039481 0.033277
0 0.158206 0.346870 0.026509 0.029329
0 0.168641 0.388889 0.057530 0.051325
0 0.256345 0.396785 0.049069 0.036661
0 0.247603 0.500282 0.056402 0.055274
0 0.323463 0.528483 0.033277 0.036097
0 0.316413 0.643260 0.034969 0.038917
0 0.283418 0.644388 0.038917 0.042301
0 0.233785 0.648618 0.037789 0.039481
0 0.178229 0.674281 0.033841 0.037789
0 0.231528 0.741963 0.026509 0.026509
0 0.242809 0.766497 0.021997 0.020305
0 0.208968 0.772984 0.036661 0.029893
0 0.194021 0.739989 0.038353 0.025945
0 0.176537 0.765087 0.020305 0.017484
0 0.148618 0.732939 0.029893 0.027637
0 0.375353 0.525663 0.028765 0.031585
0 0.399887 0.478285 0.045121 0.041737
0 0.498308 0.436266 0.050197 0.044557
0 0.554428 0.607727 0.059786 0.055838
0 0.700226 0.644952 0.069374 0.055838
0 0.614777 0.740835 0.046249 0.051325
0 0.562324 0.733221 0.041737 0.056402
0 0.541173 0.695431 0.033277 0.032713
0 0.529893 0.657924 0.036661 0.029893
0 0.445572 0.676819 0.047377 0.032713
0 0.472363 0.619571 0.051325 0.034405
0 0.416808 0.711506 0.033841 0.024253
0 0.467005 0.740271 0.046249 0.033277
0 0.421602 0.748449 0.033277 0.033841
0 0.657924 0.972927 0.043429 0.048505
0 0.853074 0.912014 0.050197 0.054146
0 0.988720 0.979977 0.022561 0.038917
0 0.857586 0.842076 0.054710 0.039481
0 0.819233 0.793288 0.042301 0.062606
0 0.752115 0.773266 0.062606 0.063170
0 0.913706 0.766779 0.058658 0.056966
0 0.930344 0.502256 0.033277 0.029893
0 0.881839 0.581500 0.031021 0.034969
0 0.821489 0.441906 0.038917 0.040045
0 0.727862 0.437958 0.044557 0.050197
0 0.551607 0.361816 0.045121 0.034405
0 0.544839 0.311619 0.053017 0.041173
0 0.784828 0.301748 0.037789 0.039481
0 0.750141 0.221658 0.048505 0.048505
0 0.620699 0.278342 0.047941 0.047941
0 0.596447 0.224760 0.046813 0.054710
0 0.562888 0.173717 0.056402 0.056402
0 0.109419 0.147490 0.028201 0.029893
0 0.355330 0.019741 0.021433 0.021433
0 0.023407 0.433164 0.034405 0.027073
0 0.049915 0.217710 0.035533 0.032713
