0 0.943880 0.144106 0.051325 0.054710
0 0.354484 0.058094 0.056966 0.066554
0 0.276932 0.063734 0.067682 0.076706
0 0.355894 0.144388 0.053017 0.062042
0 0.053017 0.060068 0.050761 0.065990
0 0.022843 0.093627 0.041173 0.055274
0 0.099267 0.206430 0.048505 0.068810
0 0.091653 0.367738 0.046813 0.057530
0 0.491540 0.243655 0.069374 0.083474
0 0.461365 0.366610 0.049633 0.080090
0 0.409475 0.382967 0.054146 0.077834
0 0.368020 0.359278 0.038917 0.054146
0 0.357868 0.437958 0.061478 0.056966
0 0.818669 0.629724 0.062606 0.072758
0 0.760857 0.594191 0.049633 0.062606
0 0.694867 0.801466 0.055274 0.059786
0 0.608573 0.825719 0.065426 0.072194
0 0.561760 0.839820 0.040609 0.059786
0 0.572194 0.777496 0.045685 0.051325
0 0.237169 0.794980 0.086294 0.089679
0 0.154822 0.870276 0.069374 0.082346
0 0.112239 0.748449 0.056402 0.068810
0 0.177383 0.976593 0.045685 0.044557
0 0.240553 0.982798 0.054710 0.034405
0 0.200508 0.914270 0.046813 0.036097
