0 0.179075 0.010716 0.017484 0.015792 
0 0.240553 0.015228 0.021997 0.012408 
0 0.212070 0.086576 0.023689 0.023125 
0 0.177101 0.072758 0.040609 0.046249 
0 0.390299 0.021715 0.041737 0.042301 
0 0.434574 0.053864 0.056966 0.064862 
0 0.568528 0.058658 0.034969 0.040609 
0 0.512690 0.119853 0.051889 0.062606 
0 0.466723 0.131698 0.033277 0.033277 
0 0.288212 0.134800 0.031585 0.032713 
0 0.603497 0.193739 0.043993 0.043429 
0 0.544557 0.215172 0.029893 0.027637 
0 0.583756 0.238579 0.037225 0.041737 
0 0.565990 0.167795 0.025381 0.028765 
0 0.591935 0.285110 0.052453 0.053582 
0 0.532431 0.290186 0.034969 0.036661 
0 0.492668 0.287648 0.047941 0.053017 
0 0.570784 0.334461 0.054146 0.055274 
0 0.593345 0.408347 0.057530 0.054146 
0 0.554992 0.386069 0.038353 0.035533 
0 0.495770 0.360406 0.064298 0.069938 
0 0.381275 0.307389 0.084602 0.085730 
0 0.406373 0.360970 0.045685 0.053017 
0 0.440778 0.371404 0.043429 0.071630 
0 0.216864 0.148336 0.041173 0.033841 
0 0.200226 0.160462 0.021433 0.027637 
0 0.147490 0.193175 0.031021 0.029893 
0 0.221376 0.223632 0.040045 0.034405 
0 0.291878 0.279752 0.056966 0.051889 
0 0.287648 0.327975 0.042865 0.038917 
0 0.335025 0.382121 0.074450 0.069374 
0 0.258883 0.370276 0.067682 0.059222 
0 0.309927 0.428652 0.046813 0.046249 
0 0.239425 0.444726 0.050197 0.042301 
0 0.154540 0.244501 0.027073 0.023125 
0 0.122391 0.254371 0.028201 0.027073 
0 0.058658 0.256063 0.040609 0.034969 
0 0.049351 0.198252 0.036661 0.044557 
0 0.015792 0.194021 0.027073 0.043993 
0 0.014382 0.265087 0.019741 0.033841 
0 0.012690 0.329667 0.017484 0.034405 
0 0.137620 0.441060 0.078962 0.063170 
0 0.172589 0.501128 0.042865 0.043429 
0 0.151438 0.522843 0.043429 0.040609 
0 0.346870 0.531585 0.055274 0.070502 
0 0.221094 0.566836 0.047377 0.045121 
0 0.519459 0.543147 0.034969 0.046249 
0 0.422448 0.758319 0.063170 0.062606 
0 0.395939 0.724196 0.047377 0.042865 
0 0.465031 0.769036 0.035533 0.038917 
0 0.533841 0.844332 0.028765 0.037225 
0 0.446136 0.838973 0.045121 0.061478 
0 0.409193 0.832205 0.043429 0.053582 
0 0.369994 0.805697 0.041737 0.054710 
0 0.386915 0.777214 0.033841 0.038353 
0 0.155104 0.786520 0.037225 0.029893 
0 0.874224 0.834743 0.071066 0.075578 
0 0.976593 0.803723 0.046813 0.062042 
0 0.971799 0.738579 0.049633 0.060350 
0 0.920474 0.718838 0.039481 0.052453 
0 0.866046 0.472927 0.054710 0.055838 
0 0.786520 0.497462 0.044557 0.047377 
0 0.738861 0.507896 0.039481 0.042301 
0 0.751269 0.551889 0.050761 0.047941 
0 0.807671 0.579244 0.032713 0.040609 
0 0.708122 0.557248 0.027637 0.066554 
0 0.717992 0.644106 0.048505 0.042865 
0 0.665257 0.550197 0.040045 0.051325 
0 0.624647 0.488720 0.034405 0.041173 
0 0.712352 0.478285 0.039481 0.027073 
0 0.796390 0.458545 0.049633 0.034969 
0 0.798646 0.414270 0.027073 0.032149 
0 0.923576 0.362944 0.034405 0.043429 
0 0.942470 0.307107 0.045121 0.060350 
0 0.972081 0.359278 0.045685 0.065426 
0 0.875635 0.307953 0.058094 0.055274 
0 0.911732 0.280880 0.035533 0.032713 
0 0.828539 0.248167 0.042865 0.040609 
0 0.783136 0.248731 0.029893 0.025945 
0 0.755499 0.159616 0.040045 0.042865 
0 0.870840 0.120981 0.045121 0.051325 
0 0.830231 0.161873 0.020305 0.032713 
0 0.816977 0.106881 0.032149 0.028765 
0 0.860406 0.092217 0.026509 0.021997 
0 0.804005 0.163565 0.034405 0.023689 
0 0.877045 0.262831 0.027073 0.029329 
0 0.967287 0.285674 0.048505 0.029893 
