0 0.762549 0.213480 0.046249 0.054710
0 0.613649 0.227862 0.103779 0.091371
0 0.656232 0.289340 0.046813 0.041737
0 0.604343 0.339255 0.081782 0.085166
0 0.445290 0.323463 0.089679 0.096447
0 0.450367 0.206148 0.090807 0.095319
0 0.811901 0.334743 0.035533 0.037789
0 0.835025 0.592499 0.043429 0.049069
0 0.684433 0.543711 0.055838 0.050761
0 0.575578 0.557530 0.067118 0.056966
0 0.421602 0.494642 0.037789 0.029329
0 0.389171 0.591089 0.073322 0.059786
0 0.354766 0.543993 0.057530 0.054710
0 0.256063 0.602087 0.083474 0.077270
0 0.285956 0.651720 0.056402 0.054710
0 0.182177 0.607727 0.064298 0.070502
0 0.924986 0.688945 0.039481 0.047941
0 0.874224 0.699662 0.047377 0.047941
0 0.828257 0.762549 0.052453 0.064298
0 0.904963 0.780316 0.056966 0.062606
0 0.945008 0.785110 0.024253 0.047377
0 0.169769 0.894811 0.037225 0.046813
0 0.242245 0.882967 0.043429 0.035533
0 0.125494 0.944162 0.050197 0.059786
