0 0.149182 0.253525 0.050197 0.049069 
0 0.084884 0.289622 0.059222 0.068246 
0 0.023407 0.285110 0.042301 0.051325 
0 0.012690 0.207276 0.019741 0.056966 
0 0.047659 0.360124 0.052453 0.053582 
0 0.073040 0.386633 0.038917 0.046813 
0 0.983080 0.325437 0.031585 0.049633 
0 0.872814 0.380993 0.028765 0.035533 
0 0.832487 0.378737 0.029329 0.026509 
0 0.876481 0.355612 0.032713 0.021997 
0 0.351382 0.424986 0.037225 0.043429 
0 0.474619 0.571630 0.049069 0.051325 
0 0.522561 0.576424 0.038917 0.041737 
0 0.360970 0.558376 0.059786 0.067682 
0 0.323181 0.623519 0.054146 0.054710 
0 0.236323 0.609419 0.062042 0.079526 
0 0.278060 0.658488 0.050761 0.049069 
0 0.195995 0.605471 0.021997 0.053582 
0 0.390299 0.647208 0.031585 0.055838 
0 0.455161 0.697406 0.025945 0.026509 
0 0.035251 0.704456 0.062606 0.077834 
0 0.088832 0.718556 0.046813 0.054146 
0 0.115623 0.800620 0.049633 0.067118 
0 0.293570 0.914834 0.045685 0.066554 
0 0.241117 0.890581 0.038917 0.053017 
0 0.554710 0.755217 0.043429 0.047377 
0 0.599267 0.773548 0.036661 0.029893 
0 0.679921 0.781162 0.036661 0.042865 
0 0.696277 0.752679 0.037789 0.037789 
0 0.916244 0.748167 0.035533 0.033277 
0 0.897913 0.778624 0.029329 0.029893 
0 0.864354 0.754935 0.025381 0.029893 
0 0.773830 0.648336 0.033841 0.035533 
0 0.634800 0.562606 0.036661 0.042301 
0 0.873378 0.976029 0.043429 0.033277 
