0 0.325719 0.385505 0.077270 0.081782 
0 0.424422 0.326847 0.059222 0.049069 
0 0.468133 0.379301 0.054146 0.055838 
0 0.419628 0.478285 0.069938 0.071066 
0 0.402707 0.415398 0.055274 0.045685 
0 0.347152 0.465595 0.054710 0.053582 
0 0.345178 0.542865 0.058658 0.059222 
0 0.238015 0.474619 0.077834 0.064862 
0 0.260857 0.526509 0.061478 0.046813 
0 0.888325 0.550761 0.054146 0.050197 
0 0.927242 0.617033 0.043993 0.039481 
0 0.849972 0.623237 0.059786 0.051889 
0 0.842640 0.665257 0.041737 0.036661 
0 0.748449 0.834743 0.041737 0.048505 
0 0.404963 0.958827 0.030457 0.028201 
0 0.431754 0.989284 0.026509 0.019177 
