0 0.195995 0.047377 0.037789 0.030457
0 0.260293 0.082628 0.028765 0.031021
0 0.439368 0.185561 0.038353 0.034969
0 0.540045 0.200508 0.035533 0.028765
0 0.479131 0.235477 0.025381 0.034405
0 0.492668 0.293852 0.033277 0.033841
0 0.427806 0.212352 0.025381 0.025381
0 0.390017 0.210660 0.020869 0.029893
0 0.278906 0.235477 0.034405 0.026509
0 0.316413 0.254653 0.025945 0.034405
0 0.469543 0.023689 0.035533 0.037225
0 0.296390 0.018895 0.033277 0.023125
0 0.417936 0.403553 0.078962 0.080654
0 0.527637 0.437112 0.087422 0.066554
0 0.539763 0.525099 0.086858 0.058658
0 0.445008 0.582628 0.075578 0.078962
0 0.688099 0.702482 0.045121 0.045685
0 0.946983 0.545121 0.037225 0.034405
0 0.965313 0.493796 0.034405 0.035533
0 0.975465 0.782008 0.035533 0.034405
0 0.369148 0.814157 0.046813 0.049069
0 0.320643 0.596729 0.073886 0.073322
0 0.298646 0.462493 0.097575 0.077834
0 0.416808 0.915962 0.059786 0.043993
0 0.277214 0.958545 0.064862 0.064862
0 0.225606 0.927524 0.055274 0.046813
0 0.554710 0.946983 0.042301 0.028201
0 0.490412 0.656796 0.026509 0.043429
