0 0.573886 0.306825 0.081782 0.082346
0 0.618443 0.338409 0.061478 0.066554
0 0.651720 0.410603 0.073886 0.085730
0 0.603779 0.454597 0.054710 0.074450
0 0.552453 0.514382 0.080654 0.090243
0 0.507332 0.534687 0.055838 0.066554
0 0.461083 0.476029 0.077270 0.076706
0 0.419064 0.450367 0.039481 0.058094
0 0.413988 0.345460 0.076706 0.086294
0 0.520023 0.399605 0.095883 0.102087
0 0.478567 0.745347 0.050197 0.043429
0 0.528201 0.826847 0.062606 0.062042
0 0.435420 0.798646 0.065426 0.066554
0 0.445572 0.872250 0.051889 0.053582
0 0.509870 0.910603 0.063170 0.064862
