0 0.134518 0.125776 0.034405 0.031585 
0 0.569656 0.063452 0.047377 0.050197 
0 0.561760 0.025381 0.053017 0.023689 
0 0.720812 0.058094 0.051889 0.057530 
0 0.513536 0.114213 0.043429 0.035533 
0 0.532149 0.182741 0.078398 0.062042 
0 0.590807 0.161027 0.035533 0.040045 
0 0.920474 0.056684 0.112803 0.108855 
0 0.897349 0.167231 0.059786 0.054710 
0 0.364918 0.131416 0.045121 0.058658 
0 0.365200 0.217710 0.076142 0.080090 
0 0.241117 0.256909 0.073886 0.079526 
0 0.278906 0.352792 0.075014 0.061478 
0 0.404117 0.308799 0.081782 0.073886 
0 0.444726 0.386915 0.107727 0.107163 
0 0.356740 0.429216 0.079526 0.077834 
0 0.590243 0.397349 0.087422 0.088550 
0 0.671461 0.404399 0.073886 0.094755 
0 0.540609 0.501692 0.087422 0.084038 
0 0.825155 0.491822 0.053017 0.057530 
0 0.830231 0.562888 0.072194 0.066554 
0 0.775522 0.438240 0.073322 0.043993 
0 0.672025 0.472081 0.065990 0.031585 
0 0.651720 0.583756 0.073886 0.074450 
0 0.755217 0.613649 0.092499 0.084602 
0 0.391427 0.556684 0.084602 0.094755 
0 0.378455 0.655104 0.067682 0.070502 
0 0.302030 0.673435 0.076142 0.076706 
0 0.221094 0.693457 0.081218 0.059222 
0 0.121263 0.691483 0.059786 0.051889 
0 0.328821 0.754371 0.057530 0.056966 
0 0.236041 0.783136 0.077270 0.082910 
0 0.333897 0.609137 0.058658 0.042865 
0 0.142414 0.979131 0.064862 0.037225 
0 0.024253 0.983926 0.038353 0.028765 
0 0.078680 0.975747 0.059222 0.042865 
0 0.067118 0.890017 0.023689 0.049633 
