0 0.381557 0.310491 0.049069 0.033277 
0 0.538353 0.239989 0.089679 0.067118 
0 0.587422 0.289340 0.128032 0.101523 
0 0.682177 0.307389 0.089679 0.065426 
0 0.701636 0.398195 0.137620 0.100395 
0 0.632544 0.465031 0.080654 0.056966 
0 0.721940 0.550197 0.094755 0.088550 
0 0.903835 0.535533 0.111111 0.096447 
0 0.793570 0.608573 0.086858 0.074450 
0 0.900451 0.757191 0.088550 0.082910 
0 0.402425 0.486182 0.099831 0.099267 
0 0.474337 0.577552 0.131980 0.131980 
0 0.292724 0.577834 0.054146 0.108855 
0 0.302876 0.679357 0.086858 0.099831 
0 0.394529 0.779752 0.077270 0.076142 
0 0.852228 0.916244 0.104907 0.097575 
0 0.733785 0.960237 0.121827 0.079526 
0 0.174563 0.824309 0.082910 0.068246 
0 0.154540 0.897067 0.081218 0.070502 
0 0.016920 0.816413 0.029329 0.070502 
0 0.053017 0.866892 0.068810 0.069938 
0 0.021997 0.961365 0.040609 0.071630 
0 0.025945 0.894529 0.048505 0.045121 
