0 0.056402 0.220248 0.072194 0.062606
0 0.298646 0.104343 0.055838 0.063170
0 0.365764 0.140158 0.056966 0.050197
0 0.336717 0.199662 0.073322 0.077834
0 0.362944 0.292442 0.067118 0.060350
0 0.547659 0.338127 0.059786 0.067118
0 0.519459 0.299210 0.039481 0.043429
0 0.194867 0.312465 0.070502 0.066554
0 0.318387 0.419064 0.045685 0.041737
0 0.285956 0.475747 0.064298 0.051325
0 0.325437 0.616187 0.049633 0.040045
0 0.712070 0.736323 0.045685 0.053582
0 0.330795 0.844050 0.059222 0.062606
0 0.408347 0.912578 0.067682 0.065426
0 0.476311 0.921884 0.047941 0.058094
0 0.437394 0.967569 0.035533 0.036661
0 0.963057 0.585166 0.026509 0.032149
