0 0.039199 0.031021 0.075014 0.055274 
0 0.102369 0.040609 0.090807 0.076706 
0 0.181331 0.024253 0.090807 0.047377 
0 0.263959 0.117033 0.098139 0.097575 
0 0.307107 0.239707 0.059222 0.071066 
0 0.079526 0.144388 0.111675 0.094755 
0 0.555838 0.259447 0.133672 0.117315 
0 0.890581 0.336717 0.080090 0.069938 
0 0.875635 0.391709 0.081782 0.059222 
0 0.888607 0.494360 0.064862 0.059222 
0 0.828539 0.457417 0.059786 0.059786 
0 0.740553 0.515792 0.082346 0.072758 
0 0.743373 0.605189 0.057530 0.051889 
0 0.681049 0.765933 0.041173 0.040609 
0 0.608291 0.400169 0.073886 0.098703 
0 0.507332 0.450085 0.071630 0.091371 
0 0.407783 0.419346 0.147772 0.128032 
0 0.295262 0.478003 0.131416 0.137056 
0 0.188381 0.444162 0.080090 0.079526 
0 0.128596 0.503102 0.108291 0.100395 
0 0.100113 0.558094 0.088550 0.079526 
0 0.206430 0.711224 0.072194 0.084602 
0 0.184433 0.802876 0.085730 0.085166 
0 0.049351 0.850818 0.084038 0.075014 
0 0.054710 0.918218 0.085730 0.085730 
0 0.331923 0.972363 0.085166 0.047377 
0 0.371968 0.946701 0.056966 0.041173 
