0 0.307953 0.126340 0.057530 0.056402
0 0.262267 0.200226 0.063170 0.057530
0 0.240271 0.115623 0.064298 0.075578
0 0.133390 0.114495 0.063734 0.050761
0 0.150874 0.171461 0.079526 0.056402
0 0.146362 0.280316 0.051325 0.050761
0 0.089961 0.278342 0.063734 0.060350
0 0.390299 0.294698 0.063170 0.059222
0 0.426114 0.372532 0.068246 0.076142
0 0.493796 0.459955 0.076142 0.059222
0 0.328539 0.324873 0.055838 0.045121
0 0.352510 0.376763 0.065426 0.059786
0 0.259447 0.399605 0.057530 0.056966
0 0.267908 0.456007 0.069938 0.054710
0 0.500846 0.255217 0.049633 0.046813
0 0.560068 0.263677 0.048505 0.062606
0 0.666667 0.157078 0.054146 0.058094
0 0.801184 0.169487 0.054710 0.056966
0 0.740553 0.189227 0.050761 0.056966
0 0.810491 0.281726 0.051889 0.045685
0 0.719684 0.279752 0.063170 0.058658
0 0.774112 0.342076 0.053582 0.050197
0 0.706712 0.466723 0.062042 0.058094
0 0.708686 0.509870 0.047941 0.040609
0 0.456853 0.745911 0.042865 0.037789
0 0.978849 0.852792 0.042301 0.051889
0 0.788212 0.858150 0.060350 0.045685
