0 0.026509 0.075014 0.049633 0.063170
0 0.231810 0.038353 0.045121 0.043993
0 0.220530 0.164411 0.039481 0.045685
0 0.583756 0.069374 0.047377 0.054146
0 0.537225 0.283136 0.068246 0.076706
0 0.698534 0.386069 0.060350 0.064862
0 0.574168 0.432318 0.055274 0.062606
0 0.507050 0.446701 0.056402 0.049633
0 0.467569 0.512972 0.048505 0.060350
0 0.464185 0.543147 0.041737 0.039481
0 0.418500 0.440214 0.046249 0.040045
0 0.438522 0.466723 0.036661 0.036661
0 0.318387 0.408347 0.044557 0.043993
0 0.350254 0.518613 0.047377 0.051325
0 0.372814 0.416244 0.053017 0.022561
0 0.273830 0.555838 0.041173 0.050197
0 0.318387 0.604907 0.041173 0.056966
0 0.888889 0.624647 0.049633 0.049069
0 0.597293 0.731810 0.060914 0.073886
0 0.635928 0.793852 0.055838 0.064862
0 0.642978 0.737451 0.037225 0.047941
0 0.547377 0.766215 0.051325 0.064862
0 0.570784 0.794134 0.038353 0.041737
0 0.495770 0.787648 0.055274 0.070502
