0 0.471799 0.075014 0.033277 0.040609 
0 0.501128 0.120135 0.027637 0.029329 
0 0.398759 0.172025 0.029329 0.034969 
0 0.313593 0.130570 0.047377 0.049069 
0 0.325719 0.201918 0.060350 0.060914 
0 0.421602 0.257473 0.050197 0.055838 
0 0.320079 0.271856 0.046813 0.051889 
0 0.338127 0.314721 0.044557 0.043993 
0 0.349972 0.360688 0.077270 0.068246 
0 0.454033 0.373660 0.090243 0.089679 
0 0.125494 0.284264 0.040045 0.031585 
0 0.041455 0.340102 0.037789 0.030457 
0 0.014382 0.305979 0.026509 0.040045 
0 0.017484 0.437676 0.030457 0.040609 
0 0.047659 0.523971 0.054710 0.058658 
0 0.016638 0.568246 0.031021 0.050197 
0 0.608855 0.473209 0.081782 0.075578 
0 0.604343 0.548223 0.068246 0.068810 
0 0.513254 0.566836 0.063170 0.062042 
0 0.563170 0.571630 0.028765 0.064862 
0 0.400733 0.501974 0.055838 0.068810 
0 0.389171 0.561478 0.045121 0.047941 
0 0.463339 0.572194 0.036661 0.047941 
0 0.321207 0.478285 0.081782 0.069938 
0 0.300056 0.524817 0.077834 0.054710 
0 0.836153 0.011844 0.051325 0.020305 
0 0.769036 0.080654 0.019741 0.021433 
0 0.777214 0.045967 0.025945 0.015228 
0 0.672025 0.091089 0.020869 0.021997 
0 0.902425 0.053582 0.034969 0.043993 
0 0.910886 0.162719 0.054146 0.052453 
0 0.976311 0.202764 0.047377 0.065990 
0 0.963339 0.279752 0.058658 0.063170 
0 0.987310 0.346870 0.025381 0.043993 
0 0.952059 0.336717 0.040609 0.043993 
0 0.849408 0.298364 0.050761 0.056402 
0 0.705302 0.261985 0.034405 0.033277 
0 0.877327 0.242245 0.046813 0.046813 
0 0.920192 0.256345 0.029893 0.049069 
0 0.744783 0.882967 0.071630 0.076142 
0 0.655950 0.946701 0.049633 0.056966 
0 0.613085 0.959673 0.042865 0.051325 
0 0.027073 0.695713 0.043993 0.036661 
0 0.216018 0.516638 0.050761 0.046249 
