0 0.086294 0.104061 0.024817 0.024253
0 0.049915 0.115905 0.025381 0.025381
0 0.058094 0.092781 0.024817 0.019741
0 0.073322 0.071630 0.024817 0.020305
0 0.250987 0.082628 0.020305 0.020869
0 0.085448 0.196842 0.024253 0.021433
0 0.079808 0.230118 0.021997 0.023689
0 0.075860 0.318105 0.047941 0.048505
0 0.309081 0.400733 0.086858 0.088550
0 0.170615 0.493796 0.128032 0.093063
0 0.304851 0.577270 0.097575 0.106599
0 0.537789 0.477157 0.097575 0.075578
0 0.506204 0.635928 0.071630 0.078398
0 0.162719 0.640722 0.078398 0.085730
0 0.198252 0.577270 0.084038 0.053582
0 0.655104 0.018331 0.032149 0.028765
0 0.696277 0.043147 0.033277 0.032149
0 0.646080 0.061196 0.033277 0.029893
0 0.602651 0.122673 0.023125 0.029893
0 0.768472 0.057248 0.027637 0.029893
0 0.740835 0.009306 0.036661 0.015228
0 0.167513 0.915680 0.048505 0.060350
