0 0.490412 0.018613 0.050197 0.036097 
0 0.441624 0.025381 0.031585 0.021433 
0 0.365482 0.045967 0.057530 0.052453 
0 0.351946 0.011280 0.063170 0.021433 
0 0.262267 0.018613 0.036097 0.036097 
0 0.282290 0.109983 0.035533 0.041737 
0 0.148054 0.109419 0.036661 0.027073 
0 0.157924 0.131980 0.032713 0.019177 
0 0.021151 0.043711 0.037789 0.036661 
0 0.020587 0.091653 0.035533 0.038917 
0 0.031021 0.216018 0.028201 0.037225 
0 0.106317 0.196277 0.029893 0.037225 
0 0.147772 0.250987 0.024817 0.025945 
0 0.894811 0.051607 0.042301 0.040045 
0 0.830795 0.052453 0.046249 0.039481 
0 0.789904 0.107445 0.050197 0.050197 
0 0.730118 0.122673 0.044557 0.036661 
0 0.675691 0.096165 0.030457 0.040045 
0 0.530457 0.122391 0.041173 0.047377 
0 0.789904 0.151156 0.041173 0.032713 
0 0.553864 0.389453 0.040609 0.044557 
0 0.518895 0.384095 0.019177 0.034969 
0 0.644952 0.432882 0.054710 0.054710 
0 0.667795 0.507050 0.051889 0.060914 
0 0.616187 0.560068 0.033277 0.045121 
0 0.681049 0.605189 0.059222 0.060914 
0 0.734349 0.650592 0.045121 0.056966 
0 0.758601 0.629160 0.025945 0.050197 
0 0.695995 0.713198 0.050761 0.059222 
0 0.675127 0.656514 0.039481 0.032713 
0 0.612239 0.642978 0.052453 0.041737 
0 0.612239 0.686125 0.041173 0.021997 
0 0.525945 0.660462 0.031021 0.029329 
0 0.525381 0.691201 0.020869 0.031021 
0 0.341230 0.417654 0.024817 0.031021 
0 0.308235 0.464749 0.050197 0.047377 
0 0.278624 0.517766 0.048505 0.053017 
0 0.322617 0.608573 0.023689 0.041737 
0 0.232657 0.547941 0.042301 0.029893 
0 0.143260 0.470389 0.046249 0.055274 
0 0.168359 0.526227 0.040045 0.046249 
0 0.134518 0.514946 0.026509 0.030457 
0 0.107727 0.458545 0.022561 0.036097 
0 0.124647 0.892837 0.033841 0.030457 
0 0.108291 0.924422 0.038353 0.032713 
0 0.066272 0.934292 0.031021 0.023125 
0 0.026227 0.935138 0.036661 0.033841 
0 0.049069 0.869148 0.036097 0.028201 
