0 0.464749 0.231810 0.031585 0.046249
0 0.424422 0.186971 0.036661 0.035533
0 0.437676 0.237733 0.023689 0.034405
0 0.515228 0.331077 0.026509 0.034969
0 0.490976 0.307671 0.027637 0.037789
0 0.468415 0.306543 0.016356 0.035533
0 0.722222 0.217710 0.032149 0.039481
0 0.730682 0.328539 0.053582 0.056966
0 0.686125 0.379865 0.043429 0.056966
0 0.711506 0.400451 0.038917 0.049633
0 0.734349 0.448675 0.040609 0.043429
0 0.798364 0.401861 0.036661 0.029893
0 0.366610 0.278342 0.028201 0.020869
0 0.338127 0.251551 0.028765 0.028201
0 0.312183 0.258319 0.021997 0.025945
0 0.300620 0.340102 0.025945 0.022561
0 0.491540 0.338691 0.026509 0.016356
0 0.067964 0.490412 0.027637 0.034405
0 0.170051 0.496616 0.027637 0.027637
0 0.203892 0.478003 0.032149 0.036661
0 0.140158 0.446701 0.026509 0.025945
0 0.146362 0.496898 0.024253 0.033841
0 0.180767 0.538635 0.026509 0.030457
0 0.177383 0.653412 0.059222 0.051325
0 0.142696 0.630852 0.029329 0.033277
0 0.176537 0.708686 0.055274 0.053582
0 0.256909 0.697406 0.060350 0.069374
0 0.147490 0.778624 0.027637 0.033277
0 0.302030 0.796954 0.069374 0.082346
0 0.374506 0.809645 0.056402 0.071630
0 0.253525 0.784828 0.028765 0.043429
0 0.468415 0.905245 0.029893 0.021433
0 0.517202 0.851100 0.034969 0.036097
0 0.555274 0.845460 0.040045 0.041737
0 0.496616 0.822899 0.036661 0.030457
0 0.599831 0.782572 0.053582 0.064862
0 0.653412 0.754653 0.042301 0.048505
0 0.696277 0.735759 0.042301 0.053582
0 0.619289 0.678229 0.038353 0.047941
0 0.754935 0.647490 0.041173 0.037225
0 0.755781 0.672307 0.042865 0.032713
0 0.555274 0.528483 0.037789 0.038353
0 0.627468 0.553864 0.049069 0.051889
0 0.987874 0.979977 0.023125 0.034405
0 0.570784 0.979695 0.038353 0.034969
0 0.802030 0.955725 0.033841 0.026509
0 0.800902 0.930062 0.041737 0.021433
0 0.021151 0.931754 0.033277 0.031585
0 0.050197 0.800620 0.028201 0.028765
0 0.450931 0.862098 0.027637 0.032149
