0 0.115341 0.008460 0.023125 0.011280
0 0.112803 0.027073 0.021433 0.022561
0 0.157924 0.027073 0.025945 0.022561
0 0.036379 0.155950 0.016356 0.018613
0 0.300902 0.084602 0.017484 0.012408
0 0.318669 0.146926 0.021433 0.019741
0 0.287084 0.150310 0.022561 0.018613
0 0.289904 0.170051 0.024817 0.017484
0 0.373660 0.086294 0.017484 0.016920
0 0.388889 0.098703 0.015228 0.016920
0 0.366046 0.103215 0.019177 0.015792
0 0.450649 0.034405 0.030457 0.022561
0 0.494924 0.037507 0.024253 0.024253
0 0.481669 0.043711 0.018049 0.026509
0 0.460519 0.055838 0.026509 0.022561
0 0.439368 0.071630 0.023689 0.023689
0 0.439650 0.057248 0.020869 0.010716
0 0.530175 0.099831 0.022561 0.021433
0 0.453469 0.104343 0.025945 0.023689
0 0.567964 0.021433 0.020305 0.018049
0 0.570502 0.004794 0.025381 0.008460
0 0.840948 0.019741 0.039481 0.038353
0 0.825719 0.048505 0.036097 0.029329
0 0.815567 0.017202 0.031585 0.029893
0 0.880429 0.014382 0.036097 0.026509
0 0.783700 0.052453 0.046813 0.041737
0 0.794416 0.080372 0.029893 0.035533
0 0.898759 0.151720 0.063734 0.053017
0 0.849126 0.142978 0.050197 0.041173
0 0.878173 0.201072 0.058658 0.047941
0 0.815567 0.247603 0.039481 0.042865
0 0.779188 0.204738 0.054710 0.045121
0 0.766497 0.256909 0.055274 0.058094
0 0.729554 0.228144 0.051325 0.053582
0 0.695995 0.289340 0.025945 0.018049
0 0.683587 0.310773 0.028201 0.020305
0 0.611111 0.336999 0.038917 0.025381
0 0.544557 0.333615 0.032149 0.028765
0 0.596447 0.177383 0.040045 0.031021
0 0.616187 0.206148 0.029893 0.020869
0 0.586576 0.203892 0.031585 0.024253
0 0.564580 0.222222 0.038353 0.040609
0 0.554428 0.187817 0.038353 0.030457
0 0.551889 0.262831 0.029893 0.029329
0 0.523407 0.242809 0.031585 0.028765
0 0.527919 0.224196 0.030457 0.015228
0 0.524253 0.269036 0.032149 0.024817
0 0.485054 0.285392 0.024817 0.024817
0 0.479131 0.244219 0.025381 0.022561
0 0.456853 0.230118 0.018049 0.020305
0 0.445290 0.244501 0.021997 0.023125
0 0.412860 0.207276 0.018049 0.018613
0 0.419346 0.173435 0.023125 0.024253
0 0.391427 0.183869 0.018049 0.022561
0 0.441060 0.272984 0.029329 0.021433
0 0.419910 0.293852 0.024253 0.024817
0 0.401579 0.271010 0.024817 0.023125
0 0.400733 0.309927 0.031021 0.024253
0 0.427806 0.381839 0.021997 0.024817
0 0.373942 0.296390 0.029329 0.025381
0 0.335025 0.309645 0.032713 0.029329
0 0.361816 0.338127 0.033277 0.034405
0 0.333897 0.367738 0.034969 0.023689
0 0.317541 0.340102 0.037225 0.021433
0 0.319233 0.324591 0.031585 0.019741
0 0.341512 0.289340 0.029893 0.022561
0 0.462775 0.293006 0.023125 0.017484
0 0.469261 0.265087 0.022561 0.014664
0 0.407783 0.328821 0.019177 0.016920
0 0.180485 0.163565 0.018049 0.014664
0 0.216018 0.173999 0.018049 0.020869
0 0.186407 0.177947 0.025381 0.025381
0 0.158770 0.185843 0.018613 0.018613
0 0.173999 0.199380 0.018613 0.018613
0 0.209814 0.210942 0.019177 0.020305
0 0.158206 0.213198 0.023125 0.023689
0 0.167231 0.231528 0.027637 0.017484
0 0.123237 0.206430 0.028765 0.016920
0 0.078962 0.219966 0.023689 0.019177
0 0.219966 0.250987 0.030457 0.030457
0 0.253525 0.236041 0.025381 0.019741
0 0.242809 0.249295 0.023125 0.018049
0 0.258883 0.267061 0.023689 0.026509
0 0.231246 0.292724 0.025945 0.021433
0 0.208686 0.283136 0.024817 0.018049
0 0.051607 0.260011 0.029893 0.030457
0 0.075860 0.278342 0.028765 0.031021
0 0.040891 0.306543 0.036661 0.034405
0 0.015510 0.250423 0.028765 0.042865
0 0.021997 0.382967 0.029329 0.021433
0 0.024817 0.361534 0.031585 0.021433
0 0.123519 0.667795 0.024817 0.023689
0 0.147208 0.687817 0.019177 0.023125
0 0.119289 0.737451 0.023125 0.025381
0 0.109701 0.708404 0.016356 0.025945
0 0.312183 0.802876 0.029893 0.029893
0 0.337563 0.813875 0.018613 0.029329
0 0.249013 0.831359 0.037789 0.034969
0 0.268190 0.815567 0.028765 0.023689
0 0.208404 0.832487 0.036661 0.033841
0 0.219966 0.870558 0.027073 0.025381
0 0.183305 0.871404 0.051889 0.051889
0 0.278060 0.881557 0.047377 0.028201
0 0.260293 0.917372 0.060350 0.058094
0 0.257755 0.975183 0.062042 0.043993
0 0.159052 0.973209 0.066554 0.049069
0 0.109983 0.983926 0.030457 0.032149
0 0.435138 0.958827 0.037789 0.036097
0 0.480823 0.663565 0.020869 0.026509
0 0.498590 0.657924 0.022561 0.023125
0 0.643824 0.652002 0.037789 0.037225
0 0.656232 0.629724 0.020869 0.018613
0 0.611111 0.633390 0.029893 0.019177
0 0.638748 0.602087 0.038917 0.041173
0 0.690355 0.599831 0.032713 0.029893
0 0.719120 0.617315 0.028201 0.034405
0 0.693175 0.566554 0.039481 0.032149
0 0.635082 0.554992 0.027073 0.021433
0 0.609983 0.560632 0.029893 0.024817
0 0.606599 0.589114 0.024253 0.025381
0 0.142978 0.721094 0.023125 0.018613
0 0.828821 0.881557 0.037789 0.039481
0 0.859278 0.849972 0.035533 0.037225
