0 0.650028 0.018049 0.021997 0.031585
0 0.728144 0.039763 0.025945 0.032149
0 0.681613 0.050761 0.025381 0.029329
0 0.703892 0.078398 0.029329 0.029329
0 0.802312 0.071912 0.019741 0.020869
0 0.808799 0.115341 0.022561 0.019741
0 0.832487 0.013254 0.018049 0.020869
0 0.980259 0.024535 0.033841 0.034405
0 0.884659 0.098985 0.050197 0.040045
0 0.864636 0.135364 0.053017 0.039481
0 0.859278 0.195431 0.044557 0.037789
0 0.968697 0.256627 0.055838 0.057530
0 0.977721 0.388325 0.036661 0.029893
0 0.056684 0.453187 0.051325 0.045685
0 0.267908 0.434292 0.095883 0.087986
0 0.176819 0.542865 0.046813 0.050197
0 0.268190 0.584884 0.058094 0.055274
0 0.181331 0.609983 0.065990 0.040045
0 0.306543 0.515792 0.053582 0.058094
0 0.468415 0.381557 0.070502 0.059222
0 0.470671 0.463621 0.061478 0.059786
0 0.396503 0.470671 0.059786 0.058094
0 0.566554 0.505640 0.065990 0.062606
0 0.527637 0.517766 0.035533 0.047377
0 0.627186 0.526227 0.042865 0.033841
0 0.693457 0.394247 0.061478 0.054146
0 0.716864 0.452341 0.062042 0.050761
0 0.728708 0.522843 0.056402 0.046249
0 0.739143 0.589114 0.049069 0.049069
0 0.743937 0.639876 0.046249 0.042301
0 0.641286 0.732092 0.042865 0.038353
0 0.472081 0.640440 0.033841 0.040045
0 0.438522 0.608009 0.042301 0.030457
0 0.828539 0.679075 0.033841 0.025945
0 0.968133 0.686125 0.029893 0.024253
