0 0.371404 0.025945 0.032149 0.032713 
0 0.559222 0.347716 0.081782 0.072758 
0 0.636210 0.479695 0.069938 0.087422 
0 0.481951 0.393683 0.076142 0.057530 
0 0.473209 0.465877 0.075578 0.067682 
0 0.516920 0.561760 0.061478 0.045121 
0 0.706430 0.536097 0.070502 0.059222 
0 0.135646 0.714326 0.029893 0.031021 
0 0.165257 0.742809 0.032713 0.025945 
0 0.228990 0.758883 0.029329 0.040045 
0 0.232092 0.822053 0.038917 0.031021 
0 0.201918 0.658488 0.042865 0.028765 
0 0.499436 0.874506 0.028765 0.038917 
0 0.017484 0.475747 0.025945 0.025381 
