0 0.855894 0.127750 0.029893 0.035533
0 0.888325 0.167231 0.032713 0.042301
0 0.924140 0.144106 0.028765 0.041173
0 0.642978 0.013818 0.036097 0.026509
0 0.605471 0.045967 0.031021 0.032149
0 0.565144 0.032431 0.024817 0.028765
0 0.797800 0.026227 0.027637 0.027637
0 0.142132 0.107163 0.071066 0.063170
0 0.200226 0.384941 0.049633 0.052453
0 0.727016 0.421884 0.089114 0.102651
0 0.759165 0.478849 0.056402 0.055274
0 0.813593 0.413988 0.027637 0.038353
0 0.865764 0.424140 0.028201 0.033841
0 0.882121 0.517766 0.042865 0.046249
0 0.930908 0.503102 0.040045 0.039481
0 0.928088 0.532431 0.035533 0.030457
0 0.661027 0.487028 0.069938 0.088550
0 0.570220 0.405809 0.068810 0.088550
0 0.672307 0.371404 0.045121 0.051325
0 0.766215 0.349408 0.058094 0.055838
0 0.553582 0.576142 0.069374 0.100959
0 0.606035 0.552453 0.053582 0.079526
0 0.516920 0.512972 0.049069 0.053582
