0 0.351664 0.069938 0.058094 0.053017
0 0.209532 0.150310 0.037789 0.041173
0 0.588268 0.203610 0.098139 0.116187
0 0.432318 0.272984 0.112239 0.127468
0 0.287084 0.395657 0.091371 0.116751
0 0.222786 0.485336 0.073322 0.089679
0 0.026791 0.382685 0.044557 0.054710
0 0.018331 0.172025 0.031021 0.037225
0 0.410603 0.571630 0.080090 0.071630
0 0.584602 0.437676 0.096447 0.098139
0 0.784546 0.470953 0.086858 0.104907
0 0.550479 0.638748 0.076706 0.081782
0 0.642414 0.701918 0.067682 0.077270
0 0.566272 0.718556 0.053017 0.069938
0 0.509306 0.769036 0.058658 0.080654
0 0.459391 0.745065 0.051325 0.069938
0 0.298364 0.661873 0.089114 0.065990
0 0.959109 0.814157 0.026509 0.037789
0 0.968979 0.948957 0.045121 0.053582
0 0.447547 0.893401 0.054710 0.064298
0 0.395375 0.917936 0.050761 0.062606
0 0.180485 0.953187 0.060914 0.076706
0 0.234349 0.945008 0.038917 0.054710
0 0.673435 0.463903 0.050761 0.063734
0 0.579244 0.916808 0.054146 0.060350
