0 0.076142 0.225324 0.016920 0.021997
0 0.053299 0.215454 0.021997 0.020305
0 0.568528 0.199098 0.032713 0.036097
0 0.523971 0.262267 0.030457 0.030457
0 0.558376 0.275804 0.036097 0.041737
0 0.503948 0.243937 0.028765 0.033277
0 0.553582 0.341512 0.062606 0.061478
0 0.516920 0.309645 0.062606 0.051889
0 0.692329 0.412578 0.067118 0.070502
0 0.742809 0.426678 0.050761 0.053582
0 0.712070 0.523407 0.067118 0.060914
0 0.602933 0.499436 0.085730 0.076142
0 0.552171 0.559786 0.072194 0.064862
0 0.502820 0.486746 0.064862 0.072194
0 0.726452 0.780880 0.031585 0.029893
0 0.675127 0.786238 0.027073 0.033841
0 0.693739 0.752679 0.031585 0.025381
0 0.803723 0.879583 0.033841 0.029893
0 0.825437 0.866328 0.028765 0.023689
0 0.772138 0.869430 0.030457 0.027637
0 0.789622 0.905245 0.038353 0.025945
0 0.542583 0.928652 0.028201 0.028765
0 0.561478 0.959391 0.026509 0.022561
0 0.557812 0.897913 0.023689 0.027073
0 0.464749 0.947547 0.028201 0.023689
