0 0.510998 0.152002 0.051889 0.053582
0 0.649464 0.137902 0.060350 0.067118
0 0.712070 0.132544 0.047941 0.056402
0 0.771856 0.170051 0.059222 0.050197
0 0.633108 0.219966 0.061478 0.058658
0 0.621545 0.278060 0.039481 0.037225
0 0.575578 0.277214 0.042301 0.049069
0 0.622673 0.324027 0.042865 0.046813
0 0.732657 0.328539 0.049633 0.049069
0 0.683869 0.400451 0.042301 0.040609
0 0.803723 0.426114 0.051889 0.049069
0 0.851382 0.337563 0.054710 0.041173
0 0.875071 0.408629 0.046813 0.042301
0 0.959109 0.485618 0.036661 0.045121
0 0.860970 0.562324 0.032149 0.041737
0 0.835589 0.247039 0.056966 0.068810
0 0.936548 0.210942 0.041173 0.053017
0 0.936548 0.104625 0.046813 0.053582
0 0.972927 0.017202 0.053017 0.033277
0 0.891427 0.034687 0.036661 0.028765
0 0.902143 0.517202 0.035533 0.039481
0 0.849690 0.517202 0.028765 0.034969
0 0.329103 0.320643 0.076142 0.079526
0 0.385787 0.298646 0.056402 0.071630
0 0.241399 0.287366 0.066554 0.069374
0 0.086294 0.331641 0.058658 0.077834
0 0.026227 0.299210 0.049069 0.035533
0 0.092499 0.434574 0.087986 0.071630
0 0.197124 0.486182 0.073886 0.068810
0 0.245911 0.447265 0.030457 0.038353
0 0.133672 0.497462 0.042865 0.046249
0 0.155668 0.525381 0.034969 0.038917
0 0.098985 0.560632 0.042301 0.036097
0 0.163283 0.593909 0.056966 0.045121
0 0.331923 0.580936 0.034405 0.042865
0 0.180203 0.634518 0.038917 0.030457
0 0.318669 0.851382 0.031585 0.032149
0 0.254371 0.856176 0.027073 0.023689
0 0.215454 0.830231 0.034969 0.028201
0 0.211506 0.863226 0.036097 0.028765
0 0.233221 0.888043 0.033277 0.026509
0 0.639030 0.760857 0.036097 0.050761
0 0.743373 0.792724 0.047377 0.053582
0 0.808235 0.798364 0.049633 0.045685
0 0.870558 0.827975 0.051325 0.046249
0 0.820643 0.837563 0.034969 0.046249
0 0.851100 0.891709 0.047377 0.048505
0 0.699098 0.861816 0.058094 0.048505
0 0.634518 0.881557 0.033841 0.045121
0 0.686689 0.933728 0.040045 0.050197
0 0.614777 0.959955 0.031585 0.040609
0 0.755217 0.877327 0.034969 0.047941
0 0.790468 0.895657 0.033277 0.037225
0 0.782008 0.927242 0.045685 0.023689
