0 0.158770 0.153412 0.054710 0.055274
0 0.247321 0.289622 0.041173 0.037789
0 0.201354 0.272702 0.048505 0.050197
0 0.172307 0.231246 0.050197 0.055274
0 0.117879 0.419346 0.036097 0.024253
0 0.014382 0.406091 0.023125 0.036097
0 0.295826 0.505640 0.069374 0.052453
0 0.713198 0.333897 0.054710 0.051889
0 0.744501 0.030739 0.058658 0.056966
0 0.758319 0.211506 0.052453 0.047377
0 0.507896 0.162155 0.025381 0.031021
0 0.931754 0.150874 0.049633 0.041173
0 0.716582 0.483362 0.037789 0.037225
0 0.593063 0.739143 0.051325 0.059222
0 0.217146 0.813029 0.042865 0.038917
0 0.988438 0.963057 0.023125 0.060350
