0 0.408629 0.099549 0.119007 0.117879
0 0.258319 0.383813 0.094755 0.091935
0 0.313593 0.477439 0.084602 0.086294
0 0.407501 0.502538 0.056966 0.063170
0 0.373378 0.503948 0.045121 0.073886
0 0.382403 0.551889 0.045121 0.036661
0 0.472645 0.571630 0.055274 0.068246
0 0.526509 0.582064 0.053582 0.068810
0 0.621827 0.615059 0.038917 0.029893
0 0.701072 0.571066 0.054146 0.053582
0 0.537507 0.514664 0.083474 0.075014
0 0.564298 0.450367 0.096447 0.107727
0 0.693739 0.364072 0.069938 0.065990
0 0.885505 0.289904 0.038353 0.034969
0 0.909757 0.273266 0.033841 0.034405
0 0.815003 0.239989 0.042865 0.045685
0 0.908065 0.162437 0.053017 0.040609
0 0.761421 0.174281 0.051889 0.037225
0 0.737451 0.202200 0.043429 0.038917
0 0.696277 0.195713 0.031021 0.031585
0 0.652284 0.188945 0.027637 0.031585
0 0.750705 0.142132 0.063170 0.048505
0 0.783136 0.107727 0.041173 0.030457
0 0.785110 0.067964 0.047377 0.035533
0 0.710942 0.076988 0.033277 0.036661
0 0.584320 0.820643 0.053017 0.049633
0 0.764805 0.845742 0.050761 0.064862
0 0.831077 0.931472 0.038917 0.037789
0 0.840102 0.972081 0.040045 0.038917
