0 0.070502 0.078116 0.040609 0.053582
0 0.275804 0.034969 0.030457 0.029329
0 0.373096 0.144106 0.051325 0.058094
0 0.287648 0.268190 0.039481 0.034405
0 0.380993 0.275804 0.042301 0.041737
0 0.346870 0.319797 0.051889 0.054146
0 0.486464 0.041737 0.036661 0.032713
0 0.519459 0.043711 0.025945 0.037789
0 0.525663 0.013818 0.045121 0.021997
0 0.545403 0.091371 0.034969 0.036097
0 0.680203 0.168077 0.047377 0.040609
0 0.960801 0.053864 0.033277 0.034405
0 0.961365 0.089961 0.033277 0.031021
0 0.919628 0.184997 0.050197 0.038353
0 0.839820 0.213762 0.037225 0.034969
0 0.727016 0.318669 0.042865 0.046249
0 0.684997 0.313029 0.037789 0.047377
0 0.604061 0.239989 0.064298 0.042301
0 0.525663 0.213762 0.047377 0.043993
0 0.045121 0.493232 0.049633 0.036661
0 0.152566 0.407783 0.043429 0.039481
0 0.199944 0.375917 0.043429 0.038917
0 0.247603 0.392555 0.049633 0.042865
0 0.335025 0.369430 0.045121 0.050761
0 0.233503 0.489002 0.038353 0.038353
0 0.265651 0.462211 0.038353 0.042301
0 0.305979 0.498872 0.035533 0.049069
0 0.361816 0.488720 0.037789 0.049069
0 0.410886 0.454315 0.029893 0.040045
0 0.474055 0.465595 0.037789 0.042301
0 0.500000 0.501410 0.046813 0.041737
0 0.668359 0.456571 0.081218 0.038917
0 0.689509 0.493796 0.055838 0.045685
0 0.593909 0.657924 0.062042 0.054710
0 0.481105 0.600959 0.051889 0.053582
0 0.450931 0.612239 0.051325 0.035533
0 0.366046 0.602933 0.046249 0.045121
0 0.422448 0.671179 0.046249 0.028201
0 0.311619 0.584320 0.049069 0.036097
0 0.306825 0.653412 0.041737 0.045685
0 0.175409 0.671743 0.037225 0.034969
0 0.126058 0.641568 0.031021 0.027637
0 0.030739 0.655386 0.043429 0.033841
0 0.881839 0.734349 0.061478 0.057530
0 0.956007 0.854202 0.073322 0.061478
0 0.860688 0.859842 0.038353 0.044557
0 0.773266 0.979977 0.049633 0.031021
0 0.512972 0.376481 0.065990 0.046813
0 0.547659 0.422166 0.071066 0.042301
