0 0.484772 0.049069 0.033277 0.039481
0 0.852792 0.020869 0.050761 0.033841
0 0.991258 0.113649 0.017484 0.056966
0 0.985336 0.225888 0.029329 0.041173
0 0.270164 0.166385 0.030457 0.030457
0 0.461929 0.312183 0.083474 0.098703
0 0.573040 0.278342 0.066554 0.084038
0 0.589397 0.412578 0.068810 0.071630
0 0.594191 0.466441 0.045685 0.031585
0 0.535815 0.494360 0.045121 0.056966
0 0.453751 0.458545 0.058094 0.084602
0 0.378173 0.295826 0.043429 0.056966
0 0.306543 0.344332 0.072758 0.084038
0 0.314439 0.406937 0.050197 0.062606
0 0.371122 0.536379 0.051889 0.056402
0 0.313029 0.543711 0.045121 0.051889
0 0.355612 0.575860 0.050197 0.053017
0 0.174563 0.450367 0.060350 0.061478
0 0.278060 0.276368 0.068810 0.056402
0 0.748167 0.509024 0.054710 0.040045
0 0.541737 0.582628 0.041173 0.054146
0 0.578962 0.650028 0.047941 0.059222
0 0.609701 0.572476 0.048505 0.046249
0 0.545685 0.802312 0.025381 0.029893
0 0.188945 0.933446 0.041737 0.037225
0 0.223914 0.959391 0.032713 0.024817
0 0.280316 0.983644 0.037225 0.029329
0 0.196277 0.694585 0.034969 0.029893
0 0.376763 0.193457 0.036097 0.039481
