0 0.792724 0.174845 0.044557 0.053017
0 0.677665 0.202482 0.043429 0.042865
0 0.604907 0.231528 0.040045 0.054710
0 0.667231 0.241681 0.046249 0.041173
0 0.478003 0.282290 0.070502 0.077270
0 0.322617 0.205584 0.090243 0.091935
0 0.122673 0.207276 0.082910 0.102087
0 0.245347 0.379583 0.084602 0.077834
0 0.277214 0.438522 0.059222 0.079526
0 0.237733 0.505358 0.041173 0.040609
0 0.558940 0.505076 0.072194 0.086294
0 0.454033 0.581500 0.066554 0.094755
0 0.666103 0.553864 0.071066 0.066554
0 0.637338 0.628314 0.074450 0.075578
0 0.271856 0.700508 0.063170 0.086858
0 0.391427 0.827129 0.057530 0.076142
0 0.472645 0.826847 0.043993 0.050761
0 0.573040 0.767061 0.062042 0.063170
0 0.663565 0.748449 0.044557 0.050761
0 0.593909 0.853638 0.048505 0.054710
0 0.597293 0.903835 0.048505 0.042301
0 0.023125 0.978285 0.034969 0.027637
