0 0.018049 0.085166 0.031585 0.078962 
0 0.188099 0.067400 0.109983 0.105471 
0 0.358996 0.062606 0.141568 0.119571 
0 0.503384 0.144106 0.112239 0.109983 
0 0.538353 0.247039 0.089679 0.055274 
0 0.743373 0.256627 0.077834 0.069938 
0 0.637338 0.363508 0.116187 0.108855 
0 0.684997 0.480823 0.097575 0.100959 
0 0.442752 0.449521 0.183869 0.172589 
0 0.592499 0.598703 0.131416 0.124647 
0 0.298364 0.574450 0.170333 0.181049 
0 0.110829 0.624929 0.166385 0.156796 
0 0.143824 0.504230 0.080090 0.092499 
0 0.037507 0.556966 0.071630 0.094191 
0 0.783982 0.666667 0.047377 0.049633 
0 0.717146 0.930908 0.044557 0.063734 
