0 0.474619 0.122955 0.063734 0.060914
0 0.397913 0.182177 0.064862 0.059786
0 0.349126 0.152284 0.065426 0.067682
0 0.244219 0.128032 0.058658 0.066554
0 0.259165 0.267343 0.075014 0.063170
0 0.545685 0.338973 0.064862 0.071066
0 0.465877 0.351382 0.066554 0.071066
0 0.286520 0.373660 0.049633 0.025381
0 0.243937 0.436548 0.051325 0.046249
0 0.547377 0.339538 0.064862 0.071066
0 0.601241 0.313029 0.054146 0.053017
0 0.666385 0.512126 0.046813 0.049633
0 0.477439 0.496052 0.028765 0.036661
0 0.461647 0.566836 0.053582 0.053017
0 0.573604 0.628878 0.047377 0.047377
0 0.556120 0.666103 0.033841 0.033841
0 0.586294 0.699944 0.047941 0.031585
0 0.610265 0.745629 0.033841 0.038353
0 0.612239 0.660180 0.034405 0.043429
0 0.410039 0.640158 0.038353 0.036097
0 0.486182 0.761703 0.041737 0.041173
0 0.435702 0.717710 0.051325 0.054710
0 0.378173 0.688381 0.050197 0.041173
0 0.440214 0.593345 0.037789 0.023689
0 0.151720 0.772702 0.019177 0.018049
0 0.094755 0.765933 0.024817 0.021433
