0 0.602933 0.321771 0.059786 0.093063 
0 0.634518 0.338127 0.029329 0.052453 
0 0.704456 0.370558 0.085730 0.091371 
0 0.763395 0.414552 0.056966 0.049633 
0 0.657078 0.397913 0.060914 0.061478 
0 0.555556 0.363790 0.087986 0.104907 
0 0.414270 0.645234 0.077270 0.031585 
0 0.346588 0.639876 0.058094 0.040045 
0 0.155668 0.689509 0.047377 0.060350 
0 0.248449 0.737733 0.069374 0.077834 
0 0.328257 0.735477 0.038353 0.069938 
0 0.225606 0.885787 0.041737 0.045685 
0 0.183869 0.661873 0.046249 0.063734 
