0 0.877327 0.013254 0.040045 0.019741
0 0.887479 0.249013 0.045685 0.036661
0 0.912014 0.290468 0.034969 0.029329
0 0.977439 0.260293 0.024817 0.026509
0 0.839538 0.256627 0.042301 0.038353
0 0.800338 0.245065 0.037225 0.041173
0 0.744783 0.189227 0.047941 0.041173
0 0.743091 0.234349 0.041173 0.026509
0 0.734631 0.279188 0.032149 0.037225
0 0.750423 0.318951 0.042301 0.028765
0 0.761421 0.366610 0.047377 0.043993
0 0.672589 0.252961 0.062606 0.050197
0 0.684997 0.308799 0.049069 0.038917
0 0.643542 0.189509 0.040609 0.025945
0 0.640722 0.226734 0.036097 0.043993
0 0.428088 0.210378 0.042865 0.042865
0 0.374788 0.225606 0.036661 0.029329
0 0.421320 0.255217 0.045121 0.041173
0 0.395939 0.352510 0.040609 0.042865
0 0.330513 0.248449 0.053017 0.047941
0 0.317541 0.287084 0.043993 0.048505
0 0.366328 0.275240 0.045685 0.046249
0 0.149464 0.179075 0.021433 0.020869
0 0.156796 0.147490 0.020305 0.021997
0 0.140440 0.135928 0.024817 0.021433
0 0.132262 0.151156 0.016356 0.015792
0 0.286802 0.380147 0.031021 0.030457
0 0.215736 0.370840 0.016356 0.026509
0 0.251551 0.417090 0.050761 0.036661
0 0.210378 0.445008 0.032713 0.032713
0 0.473773 0.535815 0.034969 0.042865
0 0.379865 0.565708 0.045685 0.050761
0 0.345178 0.522279 0.036097 0.036097
0 0.323463 0.491540 0.046813 0.031021
0 0.297800 0.543429 0.042865 0.037789
0 0.367738 0.641568 0.046249 0.055838
0 0.259165 0.644670 0.021997 0.028201
0 0.228144 0.839255 0.049069 0.043993
0 0.221094 0.743655 0.042865 0.037789
0 0.233221 0.780880 0.043429 0.038917
0 0.108291 0.705866 0.023689 0.027637
0 0.075578 0.679921 0.033841 0.027637
0 0.034405 0.677947 0.033841 0.029329
0 0.072194 0.724478 0.032713 0.028765
0 0.017484 0.713198 0.029329 0.032149
0 0.053582 0.758883 0.032713 0.027637
0 0.063170 0.787930 0.028201 0.024817
0 0.040045 0.729272 0.022561 0.027073
0 0.451213 0.759165 0.038353 0.033841
0 0.419628 0.780880 0.041737 0.042301
0 0.380993 0.838127 0.042301 0.039481
0 0.373378 0.864918 0.034969 0.032149
0 0.422730 0.884941 0.027637 0.027073
0 0.460801 0.930908 0.042865 0.033277
0 0.466723 0.899605 0.034405 0.025945
0 0.463903 0.873942 0.035533 0.028765
0 0.445008 0.842358 0.030457 0.032149
0 0.501974 0.811055 0.039481 0.036097
0 0.543711 0.843768 0.023689 0.021433
0 0.496898 0.860406 0.027073 0.023125
0 0.610265 0.777214 0.043993 0.030457
0 0.626340 0.685279 0.036661 0.030457
0 0.697970 0.639876 0.047941 0.041173
0 0.705584 0.690637 0.047377 0.037789
0 0.727298 0.740553 0.056966 0.041737
0 0.743091 0.795262 0.044557 0.039481
0 0.737169 0.837281 0.036097 0.031021
0 0.691765 0.781162 0.053582 0.050761
0 0.702482 0.821489 0.046813 0.025381
0 0.602933 0.982798 0.030457 0.023125
0 0.934574 0.660462 0.046249 0.050761
0 0.976875 0.720248 0.045121 0.043993
0 0.961647 0.767061 0.034969 0.030457
0 0.946418 0.845460 0.025945 0.033841
0 0.985054 0.795826 0.024253 0.027073
0 0.913142 0.749295 0.036097 0.047941
0 0.976311 0.658206 0.023689 0.028201
