0 0.429216 0.264523 0.071066 0.066554
0 0.881839 0.071066 0.050197 0.055274
0 0.925832 0.406937 0.043429 0.043429
0 0.402143 0.318669 0.042865 0.030457
0 0.441624 0.320079 0.028201 0.037789
0 0.451213 0.389453 0.021433 0.024253
0 0.723350 0.262549 0.020869 0.029893
0 0.742245 0.256627 0.016920 0.028201
0 0.824027 0.270446 0.021433 0.023125
0 0.900169 0.589679 0.036097 0.037789
0 0.484208 0.720248 0.081782 0.085730
0 0.373942 0.588832 0.069938 0.071066
0 0.256909 0.675409 0.044557 0.045685
0 0.179357 0.522561 0.041737 0.043429
0 0.244501 0.524817 0.040045 0.036661
0 0.311901 0.732375 0.051889 0.047941
0 0.303158 0.805133 0.025381 0.029893
0 0.297518 0.855330 0.020869 0.031021
0 0.246193 0.807389 0.020869 0.027637
0 0.344050 0.939932 0.027073 0.031021
0 0.586576 0.925268 0.036097 0.044557
0 0.768472 0.206430 0.038917 0.029329
0 0.531585 0.229272 0.024253 0.023125
0 0.494924 0.259165 0.040045 0.043429
0 0.532995 0.263959 0.023689 0.030457
