0 0.234349 0.116469 0.054710 0.055838
0 0.313311 0.263395 0.137056 0.120699
0 0.359842 0.331077 0.077834 0.077834
0 0.501410 0.212070 0.181613 0.160180
0 0.612239 0.323463 0.150592 0.122391
0 0.680203 0.286802 0.111675 0.129160
0 0.629724 0.488156 0.086294 0.095319
0 0.293288 0.547659 0.180485 0.163565
0 0.155668 0.611957 0.121827 0.134236
0 0.516074 0.638184 0.127468 0.133672
0 0.650874 0.750987 0.148900 0.148336
0 0.963903 0.787930 0.040609 0.041737
0 0.912296 0.779188 0.038917 0.042301
0 0.482516 0.878737 0.113367 0.121827
0 0.484772 0.954033 0.117879 0.091935
0 0.308799 0.937676 0.084038 0.078398
0 0.289340 0.872532 0.062042 0.049633
0 0.170615 0.840102 0.038917 0.029893
0 0.085166 0.816977 0.042865 0.029893
0 0.090525 0.785956 0.036661 0.020869
0 0.148900 0.743937 0.034969 0.034969
0 0.082346 0.732375 0.029329 0.026509
0 0.068810 0.758319 0.030457 0.020869
