0 0.152848 0.342922 0.034969 0.034969
0 0.046531 0.317541 0.050197 0.045121
0 0.160745 0.591935 0.053017 0.036661
0 0.099267 0.559504 0.062042 0.033841
0 0.209250 0.584320 0.031585 0.027073
0 0.225888 0.636492 0.043429 0.044557
0 0.199098 0.635646 0.030457 0.029329
0 0.095601 0.697124 0.050197 0.032713
0 0.060350 0.734913 0.042865 0.023689
0 0.483644 0.108573 0.050197 0.046813
0 0.473773 0.154822 0.043993 0.047941
0 0.530175 0.130006 0.043993 0.050197
0 0.559504 0.128878 0.029329 0.040045
0 0.441060 0.124647 0.040609 0.040609
0 0.858150 0.343204 0.040045 0.041173
0 0.893965 0.379301 0.032713 0.027637
0 0.912296 0.340384 0.035533 0.033277
0 0.877609 0.310209 0.039481 0.034969
0 0.884095 0.347716 0.021997 0.024253
0 0.827129 0.317259 0.041173 0.049069
0 0.848844 0.410039 0.030457 0.027073
0 0.893683 0.558094 0.032149 0.017484
0 0.930062 0.558376 0.028201 0.021433
0 0.897631 0.666949 0.033277 0.027637
0 0.537789 0.454597 0.054710 0.060914
0 0.576706 0.432882 0.054710 0.054710
0 0.600959 0.466441 0.055838 0.056402
0 0.636210 0.468133 0.033841 0.042865
0 0.633390 0.513536 0.048505 0.047941
0 0.627186 0.556684 0.055274 0.047377
0 0.508178 0.480823 0.041737 0.038917
0 0.549633 0.538635 0.060350 0.063170
0 0.465877 0.503948 0.039481 0.033277
0 0.438804 0.511844 0.039481 0.032149
0 0.448111 0.572194 0.037789 0.035533
0 0.665539 0.948393 0.060914 0.040045
0 0.817823 0.188381 0.028201 0.033841
0 0.844896 0.217146 0.023689 0.028201
