0 0.898759 0.014382 0.027637 0.023125 
0 0.886069 0.088550 0.036097 0.033841 
0 0.972927 0.147772 0.039481 0.036097 
0 0.982234 0.223914 0.024253 0.036097 
0 0.913988 0.283982 0.034405 0.035533 
0 0.620981 0.268190 0.089114 0.046813 
0 0.644670 0.417936 0.069938 0.078962 
0 0.706994 0.487874 0.061478 0.053017 
0 0.527073 0.537789 0.064862 0.076142 
0 0.560350 0.435984 0.055838 0.064298 
0 0.499436 0.468979 0.045685 0.051325 
0 0.475465 0.399887 0.065426 0.090243 
0 0.413988 0.393683 0.048505 0.078962 
0 0.494360 0.310209 0.062606 0.069938 
0 0.595601 0.650592 0.045121 0.050197 
0 0.120135 0.576424 0.025945 0.031585 
0 0.089397 0.578398 0.021997 0.034405 
0 0.091089 0.872814 0.040045 0.036661 
0 0.049351 0.869712 0.034405 0.039481 
0 0.164693 0.981105 0.060914 0.036661 
0 0.829385 0.831923 0.069374 0.057530 
0 0.945572 0.772984 0.054710 0.085166 
