0 0.134518 0.276368 0.081782 0.081218
0 0.313311 0.282854 0.067118 0.063734
0 0.150592 0.359842 0.051889 0.051889
0 0.139312 0.444162 0.059786 0.062606
0 0.192047 0.516920 0.050197 0.055838
0 0.250423 0.489848 0.058658 0.077270
0 0.351100 0.563734 0.056966 0.053582
0 0.303723 0.654540 0.060350 0.047941
0 0.388325 0.730118 0.042301 0.047941
0 0.483080 0.419064 0.051325 0.050761
0 0.564862 0.314157 0.032149 0.039481
0 0.502820 0.295262 0.031021 0.047941
0 0.947547 0.276932 0.066554 0.077834
0 0.828821 0.369148 0.065990 0.065990
0 0.880147 0.432882 0.049069 0.044557
0 0.776650 0.459673 0.053017 0.057530
0 0.723914 0.463621 0.043429 0.057530
0 0.868302 0.524253 0.056966 0.049069
0 0.845460 0.591089 0.049633 0.054146
0 0.762831 0.591371 0.061478 0.065990
0 0.884377 0.769036 0.038353 0.044557
0 0.297800 0.923576 0.062042 0.049069
0 0.182459 0.987874 0.078398 0.024253
0 0.055838 0.898477 0.063170 0.054146
0 0.171461 0.626058 0.032713 0.031585
0 0.141850 0.641850 0.028765 0.036097
