0 0.979413 0.119571 0.033277 0.054146
0 0.606035 0.206994 0.029893 0.030457
0 0.624083 0.187535 0.024253 0.028765
0 0.646080 0.170897 0.019741 0.016920
0 0.465031 0.109701 0.028765 0.020869
0 0.475465 0.136210 0.020305 0.027637
0 0.500846 0.154822 0.028201 0.025381
0 0.486746 0.194021 0.022561 0.028201
0 0.425268 0.157924 0.019177 0.029329
0 0.552735 0.252961 0.046249 0.043429
0 0.599831 0.287648 0.043429 0.042865
0 0.593063 0.346024 0.045685 0.038917
0 0.487028 0.379301 0.050197 0.047941
0 0.467569 0.323745 0.042865 0.046249
0 0.427806 0.329385 0.035533 0.049633
0 0.055838 0.291596 0.037225 0.034969
0 0.015228 0.346588 0.028201 0.028765
0 0.078116 0.280034 0.033277 0.028765
0 0.487310 0.703328 0.098139 0.095883
0 0.497180 0.800902 0.114495 0.102651
