0 0.124365 0.090525 0.099831 0.115623 
0 0.674281 0.025945 0.095319 0.050761 
0 0.732657 0.050761 0.091371 0.082346 
0 0.718274 0.219120 0.111111 0.116751 
0 0.493796 0.370276 0.139312 0.149464 
0 0.342358 0.451213 0.090243 0.074450 
0 0.245065 0.392555 0.117879 0.127468 
0 0.284264 0.295262 0.053017 0.065990 
0 0.701636 0.893965 0.130852 0.134236 
0 0.834179 0.929498 0.107163 0.095883 
0 0.828821 0.754089 0.109983 0.087986 
0 0.837563 0.693175 0.074450 0.048505 
0 0.867738 0.832769 0.040045 0.033277 
