0 0.279188 0.049069 0.030457 0.045121 
0 0.318387 0.073604 0.035533 0.049069 
0 0.665821 0.248731 0.053582 0.053017 
0 0.384941 0.332205 0.140440 0.150028 
0 0.514946 0.408065 0.068810 0.080654 
0 0.430626 0.400733 0.072758 0.094191 
0 0.240271 0.335025 0.093627 0.109419 
0 0.309927 0.410886 0.065990 0.088550 
0 0.365764 0.447265 0.069374 0.086858 
0 0.221376 0.405245 0.056966 0.069374 
0 0.151156 0.366328 0.048505 0.063734 
0 0.138184 0.404681 0.063170 0.071630 
0 0.829667 0.446418 0.049633 0.046813 
0 0.919910 0.463057 0.073322 0.080090 
0 0.825719 0.503102 0.063170 0.063170 
0 0.568246 0.707276 0.065990 0.069938 
0 0.628314 0.707558 0.048505 0.063734 
0 0.546249 0.750141 0.062606 0.072194 
0 0.656514 0.871968 0.036097 0.031585 
0 0.235759 0.944162 0.062042 0.065426 
0 0.124647 0.945572 0.072194 0.059222 
