0 0.019177 0.103497 0.036097 0.056966
0 0.193739 0.057812 0.052453 0.051325
0 0.184715 0.016356 0.055838 0.028201
0 0.241399 0.063170 0.025945 0.045121
0 0.674281 0.021997 0.045685 0.040609
0 0.809645 0.053582 0.027637 0.023689
0 0.934856 0.129442 0.019741 0.025381
0 0.745347 0.180485 0.034405 0.037225
0 0.721094 0.224478 0.045685 0.045121
0 0.269882 0.234913 0.029893 0.034405
0 0.257755 0.186407 0.027073 0.029893
0 0.137902 0.324309 0.099831 0.100395
0 0.241681 0.386915 0.109983 0.097011
0 0.210942 0.441342 0.086858 0.062606
0 0.147490 0.443880 0.067118 0.066554
0 0.139030 0.479413 0.079526 0.063170
0 0.215454 0.483926 0.058658 0.043993
0 0.347716 0.360688 0.084038 0.079526
0 0.394529 0.348562 0.032149 0.086858
0 0.411168 0.412578 0.047377 0.045685
0 0.523125 0.400169 0.065990 0.063734
0 0.627750 0.421320 0.075578 0.084602
0 0.671743 0.395657 0.037225 0.062606
0 0.629160 0.471799 0.067118 0.037789
0 0.564580 0.465313 0.055274 0.062042
0 0.496334 0.472363 0.045121 0.050197
0 0.454033 0.437112 0.034969 0.033841
0 0.873942 0.461365 0.044557 0.043993
0 0.822899 0.519741 0.029329 0.029893
0 0.963903 0.691765 0.025945 0.035533
0 0.402143 0.470671 0.042865 0.033277
0 0.387197 0.600677 0.038917 0.042865
0 0.419346 0.609701 0.028765 0.040609
0 0.348280 0.617597 0.035533 0.043993
0 0.316695 0.584038 0.038917 0.041173
0 0.289622 0.795262 0.046813 0.045121
0 0.249295 0.747039 0.043993 0.035533
0 0.230400 0.719684 0.038917 0.038353
0 0.460237 0.842076 0.037225 0.039481
0 0.546813 0.815567 0.028765 0.034969
0 0.622673 0.798646 0.065426 0.073322
0 0.733785 0.863226 0.085730 0.084038
0 0.789622 0.801466 0.054146 0.076706
0 0.810773 0.758319 0.060350 0.069374
0 0.055556 0.911168 0.040045 0.029893
0 0.063452 0.869994 0.036661 0.028765
