0 0.807389 0.143260 0.045685 0.031585
0 0.773830 0.171461 0.033841 0.021433
0 0.764523 0.144388 0.038917 0.023689
0 0.734631 0.168077 0.038917 0.031585
0 0.844896 0.205302 0.038353 0.031585
0 0.866046 0.239707 0.035533 0.031585
0 0.893401 0.258883 0.027073 0.022561
0 0.863790 0.294416 0.038917 0.032713
0 0.794134 0.242245 0.024817 0.029893
0 0.757755 0.247321 0.031021 0.029893
0 0.789622 0.212634 0.034969 0.025945
0 0.757191 0.221376 0.024253 0.019741
0 0.605753 0.320925 0.046249 0.045121
0 0.580654 0.267908 0.044557 0.038353
0 0.539763 0.259729 0.037225 0.037789
0 0.531021 0.313311 0.041173 0.043429
0 0.505640 0.301748 0.046813 0.051889
0 0.470953 0.320361 0.030457 0.042865
0 0.463057 0.363226 0.048505 0.046249
0 0.512408 0.371122 0.045685 0.046249
0 0.575578 0.494078 0.038917 0.045121
0 0.575578 0.494078 0.038917 0.045121
0 0.572194 0.538071 0.046813 0.041737
0 0.468979 0.516920 0.097575 0.081782
0 0.390299 0.532149 0.083474 0.054710
0 0.362098 0.590243 0.066554 0.059222
0 0.305415 0.664411 0.111111 0.115059
0 0.448957 0.680485 0.129724 0.115623
0 0.559786 0.661873 0.096447 0.090807
0 0.575014 0.721940 0.069374 0.051889
0 0.525099 0.771010 0.098139 0.094755
0 0.419346 0.839538 0.085166 0.094191
0 0.430626 0.765651 0.070502 0.047941
0 0.326283 0.777214 0.107727 0.110547
