0 0.099549 0.013536 0.028765 0.023689
0 0.123237 0.021997 0.019741 0.027073
0 0.287366 0.018613 0.027637 0.030457
0 0.521715 0.100113 0.051889 0.049069
0 0.800338 0.120699 0.025945 0.022561
0 0.830231 0.137902 0.019177 0.026509
0 0.811337 0.197406 0.028765 0.027073
0 0.880711 0.189227 0.033277 0.023125
0 0.766215 0.057812 0.020869 0.024253
0 0.733785 0.120981 0.019177 0.019741
0 0.739989 0.097857 0.022561 0.019741
0 0.543429 0.360970 0.049069 0.046249
0 0.549069 0.511562 0.075014 0.075578
0 0.441060 0.604907 0.071066 0.069374
0 0.389171 0.610265 0.038353 0.059786
0 0.476029 0.497180 0.047377 0.037789
0 0.362944 0.527637 0.058094 0.072758
0 0.216582 0.547095 0.059786 0.059786
0 0.718556 0.879583 0.058658 0.043429
0 0.208968 0.737169 0.027637 0.031585
