0 0.187535 0.146362 0.015228 0.010716
0 0.181049 0.162437 0.010152 0.006768
0 0.191765 0.166385 0.009024 0.010152
0 0.195431 0.197970 0.012972 0.012408
0 0.174845 0.173999 0.009024 0.012972
0 0.164129 0.164693 0.012408 0.010152
0 0.271292 0.083474 0.010152 0.009024
0 0.383249 0.032995 0.012972 0.015228
0 0.373660 0.043993 0.017484 0.016920
0 0.357304 0.060914 0.018613 0.013536
0 0.356740 0.037789 0.014100 0.014664
0 0.417936 0.125776 0.021433 0.024817
0 0.387761 0.106035 0.027637 0.022561
0 0.379865 0.141568 0.025381 0.027073
0 0.358432 0.139594 0.019741 0.023125
0 0.357586 0.098703 0.018049 0.021433
0 0.354202 0.082628 0.015792 0.016356
0 0.341230 0.090807 0.012408 0.014664
0 0.322335 0.092499 0.017484 0.016920
0 0.325719 0.110265 0.016356 0.016356
0 0.319797 0.117597 0.018049 0.018613
0 0.329103 0.139594 0.017484 0.014100
0 0.326565 0.188099 0.015792 0.017484
0 0.312183 0.161591 0.017484 0.019741
0 0.300056 0.146080 0.019177 0.016920
0 0.301748 0.175691 0.018049 0.018613
0 0.425268 0.072758 0.011280 0.021433
0 0.419628 0.058376 0.011280 0.016356
0 0.440778 0.062042 0.011844 0.012408
0 0.443880 0.040891 0.010152 0.011844
0 0.442470 0.063734 0.011844 0.012408
0 0.458827 0.045967 0.011844 0.012972
0 0.478003 0.074450 0.014100 0.016920
0 0.519741 0.077834 0.020869 0.019177
0 0.520869 0.054992 0.017484 0.021997
0 0.490412 0.047659 0.021997 0.023125
0 0.507332 0.037789 0.014100 0.016920
0 0.577270 0.157360 0.018613 0.020305
0 0.586012 0.128032 0.019177 0.018049
0 0.547377 0.137902 0.016356 0.019741
0 0.534969 0.122109 0.017484 0.018613
0 0.562888 0.108855 0.022561 0.020305
0 0.662155 0.205020 0.028201 0.023125
0 0.694867 0.204174 0.024817 0.032713
0 0.734349 0.181613 0.019177 0.023689
0 0.712352 0.176537 0.020305 0.019177
0 0.707840 0.144670 0.030457 0.029893
0 0.675691 0.162719 0.032713 0.034405
0 0.769882 0.208686 0.019177 0.016920
0 0.759165 0.231810 0.015792 0.013536
0 0.989566 0.127468 0.014100 0.022561
0 0.977721 0.153976 0.023125 0.025945
0 0.994924 0.152566 0.005640 0.023125
0 0.983362 0.116187 0.032149 0.025945
0 0.844050 0.340948 0.021997 0.027637
0 0.825719 0.310491 0.024817 0.026509
0 0.791314 0.338691 0.016920 0.020869
0 0.800620 0.325719 0.023125 0.017484
0 0.763395 0.363790 0.026509 0.029329
0 0.750141 0.323463 0.031585 0.026509
0 0.701354 0.362662 0.020869 0.020305
0 0.673435 0.357304 0.027073 0.031021
0 0.651438 0.381557 0.021433 0.020869
0 0.642414 0.352228 0.030457 0.028765
0 0.712634 0.316131 0.032149 0.032149
0 0.704174 0.291314 0.031021 0.021997
0 0.681049 0.317823 0.025381 0.027637
0 0.630288 0.313029 0.026509 0.029329
0 0.657078 0.321771 0.022561 0.017484
0 0.670051 0.296954 0.024817 0.021997
0 0.727862 0.355894 0.020869 0.022561
0 0.646644 0.493796 0.050197 0.043429
0 0.681049 0.538635 0.034405 0.048505
0 0.648618 0.540891 0.042865 0.047377
0 0.609419 0.566272 0.060350 0.054146
0 0.639876 0.580372 0.021997 0.023689
0 0.650592 0.607445 0.033277 0.037225
0 0.626058 0.633108 0.048505 0.045685
0 0.580090 0.619853 0.043429 0.036097
0 0.598985 0.496334 0.040609 0.037225
0 0.581782 0.509588 0.031021 0.036661
0 0.523689 0.572758 0.054710 0.058094
0 0.543993 0.521433 0.041173 0.042301
0 0.532713 0.498026 0.047941 0.041737
0 0.905809 0.798082 0.037225 0.037225
0 0.948111 0.745347 0.040609 0.040045
0 0.919346 0.716018 0.042865 0.040045
0 0.890863 0.764523 0.045685 0.043429
0 0.827411 0.786802 0.050761 0.053017
0 0.774112 0.776650 0.056966 0.057530
0 0.722222 0.745629 0.040045 0.039481
0 0.781162 0.682741 0.047377 0.047941
0 0.755217 0.707276 0.037225 0.036097
0 0.799774 0.641286 0.055274 0.057530
0 0.730964 0.648900 0.038353 0.036661
0 0.689791 0.686971 0.053017 0.055274
0 0.467569 0.817541 0.141004 0.010716
0 0.840948 0.731810 0.065426 0.064862
0 0.866892 0.682177 0.048505 0.044557
0 0.428934 0.296672 0.028765 0.024817
0 0.426678 0.321489 0.029893 0.021433
0 0.339255 0.333051 0.028765 0.026509
0 0.388889 0.298646 0.014100 0.018613
0 0.371686 0.299210 0.013536 0.024253
0 0.347998 0.277496 0.030457 0.030457
0 0.313593 0.284546 0.027073 0.026509
0 0.313875 0.313875 0.026509 0.023125
0 0.277214 0.312183 0.032149 0.033277
0 0.263395 0.283418 0.025945 0.032149
0 0.291314 0.282008 0.014100 0.018049
0 0.320079 0.258601 0.018613 0.021997
0 0.291596 0.254089 0.031585 0.028765
0 0.193739 0.342358 0.020869 0.025945
0 0.171743 0.349126 0.018613 0.020305
0 0.175409 0.319797 0.023689 0.018049
0 0.204738 0.329385 0.023689 0.019177
0 0.257755 0.342358 0.015792 0.015792
0 0.087140 0.396503 0.019741 0.018049
0 0.101805 0.377327 0.019741 0.014664
0 0.072758 0.383249 0.021433 0.016356
0 0.020305 0.473491 0.016920 0.026509
0 0.446983 0.377609 0.020869 0.018613
0 0.183023 0.382403 0.017484 0.018049
0 0.242245 0.576142 0.059222 0.055838
0 0.228990 0.636492 0.057530 0.047941
0 0.239425 0.666385 0.041173 0.023125
0 0.171743 0.717428 0.061478 0.059786
0 0.149746 0.553299 0.050197 0.031585
0 0.178793 0.572758 0.038353 0.037789
0 0.147772 0.585448 0.040609 0.033841
0 0.159334 0.633672 0.067118 0.069374
0 0.110265 0.658206 0.044557 0.053017
0 0.026227 0.761703 0.018613 0.015228
0 0.152566 0.907219 0.023125 0.016356
