0 0.727580 0.147490 0.032713 0.036661 
0 0.774676 0.194303 0.027637 0.028765 
0 0.641568 0.134236 0.029893 0.037225 
0 0.655668 0.164129 0.026509 0.023689 
0 0.626340 0.160745 0.021997 0.024817 
0 0.331923 0.194303 0.034405 0.033277 
0 0.075860 0.241117 0.026509 0.020869 
0 0.147490 0.290750 0.026509 0.027637 
0 0.493514 0.097293 0.029329 0.034405 
0 0.340102 0.313029 0.031585 0.030457 
0 0.366610 0.354484 0.053017 0.063734 
0 0.469261 0.378737 0.057530 0.072758 
0 0.609137 0.381557 0.056402 0.062606 
0 0.685279 0.357868 0.053017 0.047941 
0 0.663847 0.432600 0.022561 0.028201 
0 0.542301 0.461083 0.063734 0.064862 
0 0.456007 0.481951 0.058094 0.056966 
0 0.421320 0.430344 0.041737 0.056402 
0 0.454315 0.538917 0.044557 0.049069 
0 0.630006 0.565990 0.036097 0.049069 
0 0.836153 0.465031 0.029893 0.043429 
0 0.855048 0.506204 0.036097 0.035533 
0 0.117315 0.525381 0.033841 0.032149 
0 0.099267 0.544839 0.028201 0.031585 
0 0.103215 0.588268 0.036097 0.038353 
0 0.111111 0.614495 0.031585 0.016356 
0 0.062888 0.620699 0.037789 0.035533 
0 0.032149 0.634800 0.022561 0.025381 
0 0.013254 0.604061 0.024253 0.025945 
0 0.009588 0.629724 0.018049 0.025381 
0 0.473209 0.864072 0.028201 0.037225 
0 0.497180 0.888889 0.016356 0.024817 
0 0.489002 0.802312 0.025945 0.031021 
0 0.461083 0.829385 0.028765 0.026509 
