0 0.072476 0.029047 0.040045 0.034405 
0 0.096729 0.057248 0.029893 0.034405 
0 0.053299 0.064580 0.031021 0.033277 
0 0.104061 0.106035 0.034405 0.037225 
0 0.326283 0.131980 0.056966 0.069938 
0 0.272420 0.168923 0.046249 0.054710 
0 0.391991 0.201354 0.053017 0.064298 
0 0.283700 0.298082 0.039481 0.035533 
0 0.295544 0.361816 0.057530 0.067118 
0 0.331359 0.409757 0.035533 0.037789 
0 0.379583 0.391709 0.050761 0.044557 
0 0.264805 0.405245 0.050197 0.053582 
0 0.245347 0.350536 0.030457 0.027637 
0 0.582628 0.402989 0.038353 0.028765 
0 0.679075 0.485618 0.060914 0.068810 
0 0.696842 0.573604 0.043429 0.038353 
0 0.721094 0.574168 0.052453 0.064298 
0 0.630006 0.566554 0.064298 0.071630 
0 0.575296 0.523407 0.045121 0.053017 
0 0.590525 0.461365 0.039481 0.039481 
0 0.888607 0.390017 0.020869 0.041173 
0 0.127186 0.493514 0.028765 0.056402 
0 0.028201 0.534969 0.053017 0.059222 
0 0.082064 0.542865 0.058094 0.051325 
0 0.057812 0.580936 0.031021 0.023689 
0 0.023407 0.572194 0.034405 0.011844 
0 0.131134 0.656232 0.042301 0.041173 
0 0.162719 0.673153 0.034405 0.035533 
0 0.222786 0.695431 0.021433 0.032713 
0 0.347998 0.613931 0.048505 0.053582 
0 0.399041 0.604907 0.049069 0.061478 
0 0.330795 0.640158 0.045685 0.037225 
