0 0.073040 0.075014 0.047941 0.046249
0 0.082628 0.031021 0.058094 0.049633
0 0.217710 0.221376 0.033841 0.034405
0 0.123801 0.284264 0.043429 0.049633
0 0.125494 0.351664 0.036661 0.034405
0 0.361816 0.222222 0.028765 0.025945
0 0.600113 0.014946 0.024817 0.024253
0 0.624647 0.015228 0.020869 0.023689
0 0.729272 0.011844 0.028201 0.020305
0 0.708122 0.062606 0.025381 0.024817
0 0.750705 0.069092 0.029329 0.026509
0 0.749859 0.094473 0.032149 0.026509
0 0.709814 0.094755 0.032149 0.032713
0 0.982234 0.027637 0.025381 0.024817
0 0.512690 0.282572 0.032713 0.037225
0 0.557530 0.286520 0.023125 0.030457
0 0.608855 0.310491 0.028765 0.032149
0 0.564016 0.317823 0.031585 0.027637
0 0.560914 0.344896 0.027637 0.020869
0 0.407219 0.373660 0.059786 0.046813
0 0.510998 0.364354 0.045121 0.039481
0 0.500846 0.452905 0.041737 0.051889
0 0.586576 0.505358 0.064298 0.034969
0 0.661591 0.420756 0.027073 0.028201
0 0.425832 0.537225 0.094755 0.065990
0 0.234913 0.696842 0.111111 0.109983
0 0.351664 0.743655 0.085166 0.076142
0 0.214608 0.764523 0.078398 0.055838
