0 0.302312 0.081218 0.076706 0.099267 
0 0.379301 0.125494 0.073886 0.085166 
0 0.437958 0.107727 0.062606 0.084602 
0 0.498872 0.078680 0.051325 0.078398 
0 0.648336 0.618443 0.067118 0.095319 
0 0.699098 0.593345 0.049069 0.075578 
0 0.542865 0.633390 0.064862 0.085730 
0 0.591653 0.585166 0.046249 0.075014 
0 0.469825 0.600113 0.066554 0.085730 
0 0.515510 0.540327 0.059786 0.059786 
0 0.582910 0.506486 0.056966 0.051889 
0 0.407219 0.570502 0.062042 0.080654 
0 0.335025 0.523971 0.033841 0.040609 
0 0.329103 0.567118 0.031021 0.041173 
0 0.094191 0.479131 0.028201 0.042301 
0 0.028201 0.599831 0.031585 0.031021 
0 0.167795 0.196277 0.045685 0.043993 
