0 0.456007 0.384659 0.084038 0.075578
0 0.806825 0.081218 0.029893 0.023689
0 0.774676 0.060068 0.028765 0.024253
0 0.666949 0.125494 0.015228 0.027637
0 0.677383 0.178229 0.019177 0.025945
0 0.420756 0.291596 0.022561 0.024817
0 0.565990 0.387761 0.085166 0.080654
0 0.550761 0.465031 0.043429 0.055838
0 0.771856 0.499718 0.056966 0.051889
0 0.600677 0.508460 0.057530 0.047941
0 0.465595 0.481669 0.091935 0.092499
0 0.534405 0.638748 0.077270 0.084038
0 0.085166 0.902989 0.059786 0.053017
0 0.166949 0.557248 0.031585 0.039481
0 0.263113 0.537225 0.032149 0.027637
0 0.150874 0.248731 0.026509 0.033841
