0 0.323181 0.021433 0.047377 0.037225 
0 0.324309 0.100677 0.049633 0.062606 
0 0.380429 0.097293 0.050197 0.051325 
0 0.398759 0.190637 0.150028 0.134236 
0 0.387761 0.290750 0.051325 0.052453 
0 0.402143 0.368020 0.093627 0.099831 
0 0.526509 0.412860 0.116751 0.130852 
0 0.589397 0.465031 0.111675 0.143824 
0 0.499718 0.510998 0.074450 0.092499 
0 0.668923 0.190355 0.046249 0.038917 
0 0.648900 0.019741 0.045685 0.031585 
0 0.874788 0.075578 0.046249 0.058658 
0 0.857022 0.128878 0.033277 0.052453 
0 0.937958 0.064580 0.029329 0.047941 
0 0.957135 0.019177 0.039481 0.031585 
0 0.968697 0.079808 0.041173 0.042301 
0 0.771292 0.239989 0.042301 0.038917 
0 0.032713 0.624083 0.064298 0.099831 
0 0.391145 0.712352 0.088550 0.073322 
0 0.937958 0.543147 0.050761 0.067682 
