0 0.680485 0.080936 0.054710 0.049069
0 0.330795 0.271292 0.076142 0.066554
0 0.261421 0.259729 0.062606 0.050197
0 0.204456 0.165257 0.050197 0.048505
0 0.175409 0.149746 0.034969 0.043429
0 0.032713 0.389453 0.043993 0.036661
0 0.437394 0.311337 0.058094 0.066554
0 0.589114 0.377609 0.064862 0.070502
0 0.655950 0.325155 0.037225 0.082910
0 0.703328 0.011844 0.049633 0.019177
0 0.927806 0.055556 0.047377 0.064862
0 0.980541 0.045121 0.038917 0.066554
0 0.964749 0.219402 0.037789 0.046249
0 0.854484 0.247885 0.074450 0.061478
0 0.847152 0.314157 0.084602 0.066554
0 0.781162 0.382121 0.048505 0.065990
0 0.698816 0.537789 0.051889 0.062606
0 0.668923 0.699098 0.033841 0.045685
0 0.723350 0.672871 0.041173 0.054146
0 0.626340 0.673435 0.042301 0.049633
0 0.563452 0.698534 0.053017 0.065990
0 0.579244 0.658770 0.046249 0.029329
0 0.202482 0.672025 0.054146 0.056966
0 0.646362 0.552453 0.016920 0.033277
0 0.087986 0.650874 0.032713 0.039481
0 0.256063 0.683305 0.046249 0.065990
0 0.219684 0.634800 0.050197 0.027637
0 0.122109 0.718838 0.028765 0.033277
0 0.333333 0.796108 0.041737 0.045685
0 0.373096 0.860406 0.042301 0.041173
0 0.413424 0.981951 0.045121 0.028201
0 0.248449 0.060068 0.023125 0.043429
