0 0.386351 0.157078 0.127468 0.130288 
0 0.594473 0.093345 0.109419 0.099831 
0 0.730682 0.014382 0.105471 0.025381 
0 0.581782 0.014664 0.119007 0.028201 
0 0.617033 0.245347 0.164693 0.141004 
0 0.611393 0.383249 0.120699 0.096447 
0 0.335025 0.329385 0.089114 0.089114 
0 0.525663 0.468133 0.073322 0.064298 
0 0.458263 0.540045 0.090807 0.087422 
0 0.656514 0.545121 0.056402 0.044557 
0 0.655104 0.599549 0.081782 0.085730 
0 0.560350 0.595601 0.109983 0.092499 
0 0.531585 0.297800 0.036661 0.038353 
0 0.314439 0.473773 0.097575 0.094755 
0 0.243937 0.505076 0.081782 0.068246 
0 0.334179 0.591089 0.088550 0.085730 
0 0.253525 0.601805 0.105471 0.115059 
0 0.307107 0.685279 0.082910 0.076706 
0 0.392273 0.681613 0.063734 0.064862 
0 0.474055 0.644106 0.051325 0.063170 
0 0.660180 0.740553 0.056966 0.030457 
0 0.680203 0.693457 0.056402 0.055838 
0 0.356176 0.701918 0.041173 0.043429 
