0 0.631980 0.131416 0.035533 0.036097 
0 0.651720 0.181049 0.035533 0.042865 
0 0.668077 0.226734 0.044557 0.048505 
0 0.719120 0.287648 0.022561 0.019177 
0 0.362098 0.280880 0.024817 0.036097 
0 0.093627 0.322053 0.036097 0.046249 
0 0.029893 0.291032 0.038353 0.039481 
0 0.033277 0.326001 0.023689 0.024817 
0 0.562324 0.534969 0.080090 0.075014 
0 0.444162 0.604625 0.049069 0.038353 
0 0.427242 0.669769 0.049069 0.078398 
0 0.484490 0.685279 0.057530 0.072194 
0 0.543429 0.637338 0.089679 0.110547 
0 0.615623 0.971517 0.044557 0.041173 
0 0.666667 0.979695 0.038353 0.036097 
