0 0.628878 0.253243 0.046249 0.040609
0 0.432882 0.311337 0.064862 0.067682
0 0.477439 0.313029 0.036661 0.047377
0 0.421038 0.375917 0.068246 0.068246
0 0.363226 0.308799 0.064298 0.072758
0 0.263959 0.289622 0.081218 0.089679
0 0.293006 0.393683 0.060350 0.067682
0 0.262549 0.349690 0.072758 0.051889
0 0.212070 0.325719 0.060914 0.061478
0 0.677383 0.742245 0.030457 0.045121
0 0.433446 0.686971 0.052453 0.058658
0 0.327975 0.681613 0.063734 0.079526
0 0.368866 0.730118 0.049633 0.055838
0 0.226170 0.745629 0.036097 0.028201
0 0.220248 0.808517 0.034405 0.038917
0 0.142132 0.812183 0.036097 0.038353
0 0.189509 0.841230 0.028201 0.029893
0 0.185561 0.796672 0.024817 0.042301
0 0.112239 0.209532 0.041737 0.056966
