0 0.321207 0.043429 0.093063 0.078962 
0 0.410603 0.041737 0.064298 0.063170 
0 0.347998 0.114213 0.056402 0.068246 
0 0.286238 0.110547 0.062606 0.077834 
0 0.980541 0.047095 0.019741 0.023125 
0 0.741399 0.147772 0.032149 0.030457 
0 0.459109 0.260857 0.058658 0.060350 
0 0.725324 0.293288 0.045121 0.045121 
0 0.699662 0.330513 0.037789 0.032713 
0 0.620699 0.311901 0.055838 0.051889 
0 0.662155 0.364354 0.056402 0.051889 
0 0.604907 0.418218 0.051325 0.056966 
0 0.554992 0.420474 0.053017 0.058094 
0 0.515228 0.407501 0.032149 0.041173 
0 0.250705 0.413706 0.098703 0.114495 
0 0.280316 0.517484 0.134236 0.140440 
0 0.366610 0.517484 0.046249 0.098703 
0 0.382967 0.426960 0.059786 0.074450 
0 0.138466 0.539763 0.098703 0.091371 
0 0.715736 0.502256 0.063170 0.062606 
0 0.736605 0.551325 0.067682 0.065990 
0 0.949803 0.568810 0.060914 0.043429 
0 0.639876 0.569092 0.068246 0.073322 
0 0.648900 0.633108 0.064862 0.060350 
0 0.689227 0.569656 0.053017 0.067682 
0 0.587422 0.631980 0.043429 0.043429 
0 0.569092 0.613931 0.038353 0.034405 
0 0.688381 0.393401 0.046813 0.055838 
0 0.962211 0.868866 0.069938 0.067118 
0 0.938522 0.914270 0.077834 0.047377 
0 0.778342 0.946136 0.074450 0.072758 
0 0.816977 0.868020 0.055838 0.059786 
