0 0.012126 0.040609 0.023125 0.031585 
0 0.032995 0.072758 0.042301 0.031585 
0 0.392837 0.019177 0.040045 0.034969 
0 0.479131 0.017484 0.051325 0.030457 
0 0.337281 0.076424 0.049633 0.050197 
0 0.351664 0.140158 0.042301 0.042301 
0 0.210096 0.236605 0.027637 0.028765 
0 0.392273 0.308799 0.029893 0.027637 
0 0.420474 0.294416 0.020869 0.021433 
0 0.389453 0.279470 0.032149 0.023125 
0 0.585166 0.016074 0.025381 0.026509 
0 0.624929 0.042865 0.027073 0.020305 
0 0.655950 0.061196 0.022561 0.019741 
0 0.615059 0.088268 0.025381 0.025381 
0 0.551889 0.088832 0.026509 0.026509 
0 0.629160 0.187535 0.023125 0.024253 
0 0.924140 0.012126 0.032149 0.023125 
0 0.895375 0.025381 0.026509 0.023689 
0 0.867456 0.009024 0.027073 0.014664 
0 0.886633 0.093909 0.033841 0.031021 
0 0.839820 0.091653 0.028201 0.032149 
0 0.829949 0.137620 0.026509 0.034969 
0 0.828257 0.251833 0.038917 0.028765 
0 0.797236 0.267625 0.029893 0.026509 
0 0.637620 0.327693 0.028765 0.021433 
0 0.625776 0.342076 0.020869 0.023125 
0 0.514382 0.402707 0.075578 0.082346 
0 0.391145 0.459955 0.069374 0.056966 
0 0.628878 0.516920 0.074450 0.067118 
0 0.643824 0.471799 0.076142 0.058094 
0 0.497744 0.583192 0.070502 0.085730 
0 0.392837 0.631134 0.067118 0.083474 
0 0.541737 0.706994 0.052453 0.062606 
0 0.649746 0.744501 0.048505 0.051889 
0 0.794416 0.551607 0.044557 0.030457 
0 0.840948 0.569938 0.030457 0.034405 
