0 0.395093 0.205584 0.104343 0.125776
0 0.571630 0.310773 0.096447 0.086858
0 0.520869 0.393119 0.138184 0.115059
0 0.438522 0.331923 0.055838 0.059222
0 0.398477 0.410603 0.103215 0.091371
0 0.336153 0.395657 0.080090 0.096447
0 0.188381 0.294698 0.115059 0.091935
0 0.713198 0.503102 0.076142 0.080090
0 0.637902 0.575014 0.119571 0.105471
0 0.671743 0.685843 0.082346 0.084602
0 0.413424 0.741963 0.109419 0.106599
0 0.521433 0.910039 0.059222 0.044557
0 0.328539 0.757191 0.081782 0.097575
0 0.276086 0.847434 0.080654 0.071630
0 0.222222 0.700226 0.128596 0.123519
