0 0.520869 0.065990 0.047941 0.040609
0 0.345460 0.145798 0.090807 0.065990
0 0.380993 0.195713 0.093063 0.073322
0 0.440214 0.242527 0.073886 0.073322
0 0.254653 0.235477 0.084038 0.072758
0 0.294416 0.346306 0.119571 0.108291
0 0.265651 0.448957 0.112803 0.107163
0 0.585448 0.225324 0.077834 0.080654
0 0.505640 0.320643 0.080654 0.091935
0 0.586012 0.324873 0.102651 0.106035
0 0.671743 0.475465 0.093627 0.090243
0 0.617597 0.604343 0.086858 0.068246
0 0.023689 0.649182 0.046249 0.065426
0 0.272420 0.787648 0.041737 0.042301
0 0.392837 0.901297 0.034405 0.047377
0 0.529611 0.733221 0.080090 0.074450
0 0.697688 0.742527 0.073322 0.061478
