0 0.095037 0.016356 0.082910 0.028201
0 0.154258 0.181613 0.067118 0.077834
0 0.410603 0.449239 0.066554 0.082910
0 0.516074 0.377327 0.081218 0.106035
0 0.686689 0.370276 0.104343 0.091935
0 0.854766 0.396221 0.085166 0.095319
0 0.642978 0.498026 0.103779 0.099267
0 0.592499 0.603779 0.060350 0.060350
0 0.636492 0.709250 0.055838 0.068246
0 0.719966 0.706430 0.076142 0.078398
0 0.109137 0.863226 0.044557 0.049069
0 0.097857 0.892837 0.040045 0.027073
0 0.044557 0.858714 0.059786 0.060350
0 0.469825 0.817541 0.024817 0.024253
0 0.618725 0.850818 0.025945 0.024253
0 0.932882 0.957417 0.030457 0.033277
