0 0.433164 0.131698 0.028201 0.036661
0 0.316977 0.065990 0.047377 0.051889
0 0.241399 0.064580 0.050761 0.050197
0 0.252115 0.098421 0.036097 0.020869
0 0.157642 0.030739 0.058094 0.055838
0 0.193457 0.075860 0.051889 0.054710
0 0.136774 0.062324 0.059222 0.064862
0 0.890581 0.039199 0.045121 0.053582
0 0.936548 0.249013 0.032149 0.042301
0 0.969825 0.256909 0.025381 0.024253
0 0.987310 0.240271 0.019741 0.030457
0 0.470389 0.328821 0.022561 0.027073
0 0.493514 0.326847 0.029329 0.019741
0 0.581782 0.449521 0.034405 0.039481
0 0.531585 0.434010 0.053582 0.053582
0 0.484208 0.422166 0.036661 0.050197
0 0.489002 0.464749 0.041737 0.032713
0 0.446136 0.407501 0.038353 0.044557
0 0.427242 0.444162 0.035533 0.038917
0 0.385223 0.426396 0.043993 0.055274
0 0.404681 0.376481 0.031021 0.035533
0 0.466723 0.635364 0.026509 0.035533
0 0.438804 0.628314 0.030457 0.024817
0 0.432600 0.649464 0.024817 0.019741
0 0.390863 0.596447 0.037225 0.033277
0 0.411732 0.631134 0.028201 0.018049
0 0.355612 0.608291 0.033277 0.042301
0 0.623519 0.939086 0.035533 0.053017
0 0.596729 0.957699 0.024817 0.042865
0 0.567118 0.956007 0.042301 0.056402
0 0.553017 0.924704 0.040045 0.034405
0 0.463339 0.863508 0.026509 0.024817
0 0.248731 0.780880 0.024817 0.028765
0 0.229554 0.725888 0.025945 0.025945
0 0.384377 0.624929 0.023125 0.016920
0 0.316695 0.905527 0.015228 0.018613
0 0.437676 0.980259 0.021433 0.023689
0 0.319233 0.883249 0.020305 0.023689
0 0.523971 0.252115 0.021433 0.019177
0 0.518049 0.229272 0.017484 0.017484
0 0.468415 0.261703 0.019741 0.018049
0 0.491540 0.275804 0.017484 0.016920
