0 0.454315 0.039481 0.116751 0.076706
0 0.602933 0.291596 0.125212 0.099267
0 0.602369 0.376481 0.100395 0.075014
0 0.771292 0.415116 0.139312 0.135364
0 0.651720 0.496616 0.087422 0.100959
0 0.598703 0.426114 0.075014 0.037789
0 0.734913 0.598703 0.055274 0.051325
0 0.298646 0.392837 0.100959 0.131416
0 0.385787 0.391145 0.040609 0.079526
0 0.631698 0.579526 0.040609 0.050197
0 0.584884 0.494360 0.047377 0.043429
0 0.868020 0.793852 0.047377 0.034405
0 0.954879 0.444162 0.043993 0.058094
0 0.976593 0.383249 0.038917 0.036661
0 0.736887 0.314157 0.054710 0.063170
