0 0.318669 0.073886 0.045121 0.049633
0 0.507896 0.167513 0.054710 0.055274
0 0.481105 0.233221 0.038353 0.042301
0 0.977721 0.209532 0.034405 0.037789
0 0.893965 0.049915 0.047377 0.043429
0 0.370558 0.372532 0.083474 0.068246
0 0.250705 0.379019 0.093063 0.097011
0 0.302876 0.454879 0.045121 0.045685
0 0.472927 0.459109 0.044557 0.049633
0 0.507896 0.517484 0.075014 0.082910
0 0.158770 0.385787 0.049069 0.043993
0 0.089961 0.453469 0.088550 0.080090
0 0.104061 0.517766 0.085166 0.059786
0 0.264241 0.575578 0.079526 0.090807
0 0.288212 0.637902 0.083474 0.083474
0 0.410603 0.613931 0.073322 0.062606
0 0.472927 0.696560 0.046813 0.054146
0 0.598703 0.656514 0.041173 0.054146
0 0.649464 0.719966 0.058094 0.058094
0 0.625776 0.783136 0.064862 0.063734
0 0.543711 0.759165 0.062042 0.067682
0 0.417654 0.726170 0.055838 0.060350
0 0.337845 0.785392 0.059786 0.073886
