0 0.255781 0.153130 0.075014 0.061478
0 0.404681 0.146644 0.058094 0.055274
0 0.448675 0.149182 0.038917 0.052453
0 0.413424 0.109137 0.051889 0.040045
0 0.446418 0.256909 0.058094 0.055838
0 0.401579 0.388325 0.031585 0.026509
0 0.479131 0.378173 0.033277 0.029893
0 0.492104 0.351382 0.029893 0.021433
0 0.695995 0.071630 0.029329 0.027073
0 0.843768 0.025381 0.021433 0.023689
0 0.830231 0.065708 0.025945 0.019741
0 0.841794 0.082346 0.019741 0.020305
0 0.843768 0.221094 0.067682 0.056402
0 0.919064 0.256909 0.071630 0.062606
0 0.889453 0.288776 0.050761 0.039481
0 0.729836 0.254935 0.056402 0.045121
0 0.602933 0.392273 0.043993 0.058094
0 0.578962 0.564580 0.059222 0.062042
0 0.843204 0.557248 0.048505 0.040609
0 0.885505 0.645798 0.049633 0.045121
0 0.917936 0.697970 0.025381 0.050197
0 0.833051 0.642414 0.042865 0.040609
0 0.858996 0.601805 0.071066 0.043993
0 0.576142 0.500564 0.029893 0.034405
0 0.220530 0.659898 0.051889 0.051889
0 0.395093 0.515510 0.044557 0.041737
