0 0.281162 0.035251 0.033277 0.032149
0 0.262831 0.027637 0.032713 0.029329
0 0.296108 0.079244 0.022561 0.028765
0 0.160180 0.183869 0.036097 0.034969
0 0.687535 0.250141 0.163565 0.155104
0 0.402143 0.239707 0.162437 0.162437
0 0.453187 0.412860 0.164129 0.168077
0 0.490412 0.560632 0.122391 0.112803
0 0.752679 0.501128 0.156232 0.130288
0 0.608009 0.531585 0.063170 0.050197
0 0.525945 0.618725 0.071630 0.066554
0 0.342640 0.430626 0.115623 0.157360
0 0.602369 0.170333 0.161309 0.144388
0 0.273830 0.433728 0.041173 0.054146
0 0.334743 0.192893 0.043429 0.043993
