0 0.045403 0.016074 0.034405 0.024253 
0 0.097293 0.119853 0.032149 0.026509 
0 0.146926 0.175127 0.036661 0.024253 
0 0.140440 0.207840 0.040609 0.027637 
0 0.011844 0.256345 0.020305 0.043429 
0 0.056402 0.256345 0.037225 0.017484 
0 0.051607 0.317541 0.065990 0.053017 
0 0.138184 0.321207 0.047377 0.040045 
0 0.202482 0.308799 0.055274 0.038917 
0 0.283418 0.333615 0.058094 0.031021 
0 0.403835 0.201918 0.029329 0.039481 
0 0.394529 0.116751 0.043429 0.048505 
0 0.391145 0.157924 0.031021 0.027073 
0 0.353356 0.148900 0.035533 0.033841 
0 0.311619 0.153130 0.025381 0.024253 
0 0.278624 0.041737 0.033841 0.036097 
0 0.397631 0.024535 0.043993 0.047941 
0 0.483362 0.110265 0.037225 0.035533 
0 0.450931 0.150874 0.031021 0.035533 
0 0.494642 0.180485 0.028201 0.029329 
0 0.497180 0.319233 0.031021 0.030457 
0 0.596165 0.275522 0.043993 0.052453 
0 0.629724 0.295544 0.028765 0.033841 
0 0.651720 0.277496 0.027637 0.042865 
0 0.642978 0.227016 0.037225 0.043429 
0 0.608855 0.173153 0.034405 0.046249 
0 0.659052 0.153130 0.050197 0.055838 
0 0.752961 0.152002 0.042865 0.042301 
0 0.763677 0.205866 0.037225 0.049633 
0 0.777778 0.290186 0.034969 0.042301 
0 0.822617 0.356458 0.062606 0.049633 
0 0.950367 0.284828 0.041737 0.046249 
0 0.717710 0.375353 0.063734 0.072758 
0 0.956853 0.099549 0.044557 0.041173 
0 0.984772 0.038353 0.028201 0.053017 
0 0.805133 0.496898 0.059222 0.051889 
0 0.714326 0.475183 0.058094 0.061478 
0 0.593909 0.486182 0.045121 0.046249 
0 0.548505 0.420474 0.054710 0.064862 
0 0.557530 0.487028 0.031021 0.053582 
0 0.340102 0.440214 0.041737 0.046813 
0 0.315849 0.537789 0.055274 0.055838 
0 0.373378 0.610547 0.038353 0.043429 
0 0.436830 0.646080 0.046813 0.041173 
0 0.542301 0.668077 0.060350 0.070502 
0 0.617879 0.694867 0.050197 0.050761 
0 0.549633 0.752115 0.046813 0.058094 
0 0.446701 0.716582 0.045121 0.050197 
0 0.705866 0.746475 0.045685 0.038917 
0 0.692329 0.789904 0.029893 0.036661 
0 0.462211 0.796390 0.043429 0.049633 
0 0.459673 0.558940 0.041737 0.031585 
0 0.237733 0.637056 0.045685 0.043429 
0 0.117597 0.395375 0.058094 0.048505 
0 0.118725 0.477439 0.052453 0.052453 
0 0.018613 0.423576 0.031585 0.049633 
0 0.067682 0.569374 0.054146 0.059222 
0 0.497462 0.976875 0.042865 0.041737 
0 0.956007 0.959673 0.042865 0.045685 
0 0.857586 0.974055 0.033277 0.036097 
