0 0.019459 0.238861 0.033277 0.052453
0 0.449239 0.225606 0.086294 0.089114
0 0.376763 0.235195 0.051889 0.067682
0 0.515792 0.365482 0.073886 0.095883
0 0.578398 0.392555 0.051325 0.078962
0 0.635928 0.420474 0.055838 0.044557
0 0.436266 0.444162 0.081782 0.095319
0 0.376199 0.340948 0.064298 0.079526
0 0.334461 0.373660 0.050761 0.053582
0 0.670333 0.633672 0.063734 0.071630
0 0.762549 0.734631 0.077834 0.071630
0 0.628596 0.709814 0.068246 0.086294
0 0.567400 0.702764 0.047377 0.055274
0 0.507614 0.690073 0.058658 0.073886
0 0.486746 0.600395 0.080090 0.079526
0 0.460519 0.649464 0.062606 0.046813
