0 0.529047 0.130852 0.071066 0.059786 
0 0.518049 0.191201 0.059222 0.051889 
0 0.571066 0.225606 0.049069 0.046249 
0 0.522279 0.285674 0.058658 0.062606 
0 0.462775 0.205584 0.053582 0.060350 
0 0.374506 0.289058 0.068810 0.053582 
0 0.474901 0.321489 0.042865 0.032713 
0 0.236605 0.505076 0.028765 0.028765 
0 0.333333 0.498308 0.027073 0.028765 
0 0.377609 0.532431 0.054710 0.053017 
0 0.487592 0.479977 0.054710 0.065426 
0 0.538917 0.556402 0.041173 0.036661 
0 0.286238 0.714044 0.082910 0.063170 
0 0.471517 0.737733 0.073322 0.049633 
0 0.501410 0.783136 0.046249 0.040045 
0 0.506204 0.850536 0.065990 0.072194 
0 0.421320 0.851382 0.071066 0.078398 
0 0.322617 0.851100 0.059786 0.068810 
0 0.355048 0.934292 0.064862 0.080654 
0 0.832769 0.898477 0.037789 0.038353 
0 0.922730 0.878455 0.057530 0.044557 
0 0.935138 0.822335 0.036097 0.020305 
0 0.983080 0.913424 0.032713 0.049069 
0 0.944162 0.932318 0.039481 0.042865 
0 0.891145 0.927524 0.047377 0.050197 
