0 0.449803 0.201072 0.047941 0.062606 
0 0.486746 0.245911 0.053017 0.048505 
0 0.679639 0.328539 0.029329 0.027637 
0 0.489848 0.364354 0.045685 0.057530 
0 0.521433 0.364072 0.016356 0.040045 
0 0.438522 0.408629 0.024253 0.033277 
0 0.014100 0.522279 0.023689 0.041737 
0 0.057530 0.642978 0.049633 0.038353 
0 0.075296 0.697688 0.036661 0.031585 
0 0.060914 0.747603 0.038353 0.031021 
0 0.011562 0.786238 0.019741 0.039481 
0 0.576142 0.555838 0.069374 0.076142 
0 0.468979 0.579526 0.047941 0.053582 
0 0.447265 0.532431 0.030457 0.031585 
0 0.498308 0.520305 0.046813 0.049069 
0 0.813029 0.646926 0.041173 0.033841 
0 0.729836 0.683869 0.031585 0.035533 
0 0.811901 0.723350 0.033277 0.033277 
0 0.800620 0.802312 0.034405 0.038917 
0 0.970671 0.827693 0.046249 0.044557 
0 0.614495 0.773266 0.043429 0.042865 
0 0.504794 0.792442 0.042865 0.053017 
0 0.528483 0.841794 0.036097 0.037789 
0 0.608009 0.880429 0.047377 0.058658 
0 0.519177 0.893119 0.038917 0.042301 
0 0.855330 0.501692 0.031021 0.033277 
