0 0.044557 0.366046 0.039481 0.041737
0 0.070502 0.421884 0.033841 0.036097
0 0.664975 0.247039 0.104907 0.083474
0 0.543993 0.420756 0.100959 0.103779
0 0.434574 0.424986 0.103215 0.106599
0 0.611957 0.536661 0.111675 0.091935
0 0.626904 0.636774 0.070502 0.078962
0 0.930062 0.311619 0.038353 0.041173
0 0.944162 0.338127 0.041737 0.033277
0 0.821771 0.961929 0.082346 0.072758
0 0.125494 0.924422 0.056966 0.066554
0 0.196277 0.920474 0.037225 0.057530
0 0.229554 0.952341 0.056402 0.050197
0 0.488720 0.282572 0.058094 0.059786
