0 0.331641 0.423858 0.111675 0.132544 
0 0.391427 0.417654 0.028201 0.080654 
0 0.432600 0.431472 0.048505 0.073322 
0 0.362944 0.516074 0.072758 0.050761 
0 0.368866 0.556684 0.056402 0.028201 
0 0.862380 0.502820 0.094755 0.109983 
0 0.809927 0.567400 0.049633 0.069938 
0 0.773266 0.511844 0.063170 0.064862 
0 0.737451 0.584884 0.053582 0.055274 
0 0.890581 0.454597 0.046249 0.056402 
0 0.771574 0.826847 0.032713 0.036097 
0 0.836999 0.811619 0.036097 0.036097 
0 0.087986 0.966441 0.115059 0.062606 
0 0.150874 0.891145 0.067118 0.059786 
0 0.185279 0.824591 0.050197 0.025945 
0 0.027637 0.669769 0.054146 0.080654 
0 0.690919 0.658770 0.030457 0.029329 
0 0.585166 0.970389 0.034405 0.049069 
0 0.529611 0.935420 0.028201 0.027637 
0 0.549069 0.967287 0.024253 0.032713 
