0 0.342358 0.052735 0.027073 0.026509
0 0.599267 0.333333 0.100959 0.097011
0 0.645234 0.361252 0.053017 0.053582
0 0.736041 0.456853 0.076706 0.080090
0 0.615059 0.443034 0.068246 0.077270
0 0.536097 0.424140 0.093063 0.087986
0 0.565426 0.564580 0.091935 0.097011
0 0.474901 0.590807 0.071066 0.076142
0 0.456007 0.474055 0.093063 0.086294
0 0.391427 0.483080 0.050761 0.080654
0 0.447265 0.352228 0.106035 0.099831
0 0.528201 0.261421 0.095319 0.075014
0 0.315849 0.406373 0.083474 0.096447
0 0.382967 0.357022 0.051889 0.083474
0 0.349408 0.316695 0.082910 0.076142
0 0.420756 0.269318 0.064298 0.058094
0 0.832487 0.848844 0.056402 0.058658
0 0.771292 0.837563 0.045685 0.053017
0 0.753525 0.771856 0.063170 0.059222
