0 0.504512 0.207840 0.147208 0.122391 
0 0.414270 0.313593 0.122391 0.142132 
0 0.279470 0.266497 0.126904 0.126904 
0 0.137620 0.404399 0.094755 0.080090 
0 0.527073 0.434292 0.117879 0.118443 
0 0.646080 0.483362 0.102087 0.092499 
0 0.193175 0.500000 0.116751 0.120135 
0 0.238015 0.573040 0.086858 0.060914 
0 0.266497 0.671461 0.061478 0.050197 
0 0.812747 0.644952 0.075578 0.058094 
0 0.845460 0.742527 0.094755 0.114495 
0 0.798928 0.837845 0.109983 0.059222 
0 0.898195 0.842640 0.032149 0.031585 
