0 0.097293 0.322617 0.061478 0.056402
0 0.236887 0.266497 0.085730 0.089679
0 0.298646 0.310491 0.076142 0.080654
0 0.415116 0.219120 0.095883 0.094191
0 0.543147 0.399041 0.083474 0.077270
0 0.695149 0.454315 0.075014 0.080654
0 0.664975 0.510998 0.062042 0.058658
0 0.554428 0.214890 0.099267 0.091371
0 0.667231 0.276368 0.094755 0.109419
0 0.605189 0.268190 0.057530 0.070502
0 0.730964 0.563170 0.080090 0.071630
0 0.124647 0.793852 0.041737 0.036661
0 0.056966 0.850254 0.057530 0.031021
0 0.302876 0.811619 0.107163 0.085730
0 0.281726 0.869712 0.049069 0.043993
0 0.390863 0.697688 0.064298 0.055274
0 0.633954 0.733503 0.057530 0.052453
0 0.722504 0.815285 0.068810 0.075014
0 0.732657 0.904117 0.069938 0.056402
0 0.669487 0.796954 0.036097 0.046249
0 0.492950 0.984772 0.047377 0.030457
0 0.596729 0.757473 0.049633 0.047377
