0 0.099267 0.176255 0.028201 0.028765
0 0.124083 0.173999 0.019177 0.021997
0 0.083474 0.157924 0.022561 0.020305
0 0.052171 0.175973 0.029893 0.023689
0 0.077552 0.203046 0.027637 0.023689
0 0.061196 0.152002 0.014100 0.017484
0 0.250141 0.212634 0.021997 0.023689
0 0.272138 0.234067 0.021997 0.022561
0 0.237169 0.238297 0.027637 0.019741
0 0.201918 0.462493 0.030457 0.024817
0 0.202482 0.465877 0.030457 0.024817
0 0.194867 0.436266 0.028765 0.021997
0 0.225042 0.424704 0.023689 0.020305
0 0.216300 0.442470 0.021997 0.016356
0 0.207558 0.420756 0.018049 0.019177
0 0.175409 0.422166 0.022561 0.023125
0 0.175691 0.456571 0.025381 0.023125
0 0.923858 0.018049 0.032713 0.029329
0 0.911732 0.065144 0.033277 0.025381
0 0.874224 0.071912 0.020305 0.026509
0 0.870558 0.050197 0.033277 0.019177
0 0.695431 0.442752 0.100395 0.098139
0 0.671179 0.365200 0.085730 0.089679
0 0.542301 0.388325 0.088550 0.094191
0 0.569374 0.424140 0.085166 0.072194
0 0.748167 0.534123 0.117879 0.078962
0 0.667231 0.598421 0.128596 0.090243
0 0.667231 0.687535 0.099267 0.069938
0 0.706148 0.616469 0.034969 0.041737
0 0.490412 0.637056 0.128032 0.105471
0 0.902989 0.716300 0.046249 0.041737
0 0.983644 0.853920 0.032713 0.050761
