0 0.307389 0.249859 0.078962 0.068810
0 0.326565 0.384095 0.072194 0.062042
0 0.194585 0.351100 0.032713 0.033277
0 0.126904 0.260857 0.032713 0.023125
0 0.696842 0.130006 0.061478 0.061478
0 0.749577 0.186971 0.075578 0.067118
0 0.708404 0.198534 0.031585 0.047377
0 0.806825 0.295544 0.059222 0.047377
0 0.799210 0.430344 0.081218 0.065426
0 0.689227 0.651720 0.072194 0.062606
0 0.620981 0.655950 0.059786 0.060914
0 0.573886 0.931472 0.067118 0.059222
0 0.326001 0.717146 0.076706 0.068246
0 0.285956 0.742809 0.053017 0.053017
0 0.032149 0.664975 0.039481 0.031585
