0 0.365764 0.049351 0.032149 0.024253
0 0.316413 0.104343 0.027073 0.024817
0 0.277778 0.161591 0.029893 0.025381
0 0.485900 0.143824 0.097575 0.094755
0 0.369430 0.232092 0.111675 0.091935
0 0.232092 0.209532 0.088550 0.077270
0 0.222504 0.288212 0.109983 0.092499
0 0.216300 0.361816 0.102087 0.067118
0 0.545685 0.426960 0.119007 0.116187
0 0.652284 0.307953 0.080654 0.066554
0 0.746475 0.360406 0.082910 0.078962
0 0.810209 0.481387 0.043429 0.026509
0 0.813593 0.501974 0.040045 0.029329
0 0.407219 0.504230 0.066554 0.073322
0 0.360124 0.597293 0.098703 0.083474
0 0.387479 0.668359 0.062042 0.066554
0 0.787930 0.618443 0.054146 0.037789
0 0.163001 0.382685 0.028201 0.020869
0 0.134518 0.376481 0.021997 0.024253
