0 0.173153 0.028201 0.066554 0.055274
0 0.315285 0.054992 0.054146 0.063734
0 0.327975 0.113931 0.056966 0.055274
0 0.379865 0.011844 0.063734 0.022561
0 0.254653 0.102087 0.050197 0.054146
0 0.207558 0.183305 0.053017 0.051889
0 0.134518 0.100113 0.045685 0.063734
0 0.722504 0.021151 0.043993 0.035533
0 0.975183 0.098985 0.042865 0.072758
0 0.981951 0.027637 0.036097 0.051889
0 0.937112 0.286520 0.032149 0.038353
0 0.320079 0.380147 0.052453 0.069938
0 0.273548 0.393965 0.047377 0.053582
0 0.240271 0.319797 0.054146 0.062042
0 0.319233 0.666385 0.033841 0.045685
0 0.428370 0.659052 0.050197 0.073886
0 0.485900 0.636492 0.070502 0.080654
0 0.659898 0.505358 0.098139 0.166949
0 0.578398 0.561478 0.065990 0.109983
0 0.683305 0.603497 0.051325 0.058658
0 0.750141 0.518613 0.055274 0.096447
0 0.748167 0.409757 0.085166 0.116751
0 0.942752 0.966723 0.035533 0.048505
0 0.886069 0.954597 0.036097 0.038917
0 0.847152 0.931754 0.034969 0.027073
0 0.015228 0.974337 0.027073 0.043429
0 0.794698 0.073886 0.046249 0.049633
