0 0.230964 0.014100 0.052453 0.022561
0 0.144670 0.130852 0.041173 0.050761
0 0.153976 0.190073 0.038353 0.051889
0 0.185279 0.232092 0.042301 0.045685
0 0.140722 0.236605 0.040045 0.044557
0 0.058094 0.300620 0.038353 0.049633
0 0.351664 0.096447 0.080654 0.073322
0 0.339538 0.040045 0.059786 0.039481
0 0.471517 0.126622 0.071066 0.079526
0 0.383813 0.157360 0.067118 0.068810
0 0.489566 0.228426 0.072194 0.071066
0 0.537507 0.316695 0.060914 0.055838
0 0.751269 0.327411 0.072194 0.067118
0 0.693457 0.476311 0.068246 0.065990
0 0.598703 0.472645 0.063734 0.056402
0 0.637338 0.499436 0.049633 0.052453
0 0.862380 0.479131 0.056402 0.043429
0 0.971235 0.451213 0.049633 0.056402
0 0.966723 0.500846 0.046249 0.038353
0 0.964749 0.742245 0.035533 0.031585
0 0.917936 0.773266 0.029893 0.029329
0 0.711224 0.600113 0.048505 0.045121
0 0.719684 0.670051 0.036097 0.038353
0 0.641004 0.639030 0.043429 0.042865
0 0.635082 0.739989 0.053017 0.046249
0 0.490412 0.745065 0.042301 0.036097
0 0.438522 0.721658 0.035533 0.035533
0 0.378173 0.711506 0.020869 0.042301
0 0.412014 0.689227 0.036661 0.025945
0 0.439932 0.797518 0.027073 0.034969
0 0.349972 0.840948 0.041173 0.037225
0 0.319233 0.871686 0.042865 0.038917
0 0.289058 0.894247 0.044557 0.042301
0 0.243655 0.776932 0.046249 0.049069
0 0.186689 0.903271 0.040609 0.036661
0 0.195995 0.934856 0.043429 0.038917
0 0.118161 0.680767 0.041173 0.036097
0 0.262831 0.612803 0.049633 0.051325
0 0.920192 0.818669 0.020869 0.032149
0 0.924422 0.866610 0.032713 0.037789
0 0.985054 0.934856 0.029893 0.027637
0 0.894529 0.841230 0.036097 0.035533
0 0.372250 0.929498 0.040609 0.037225
0 0.684997 0.675409 0.037789 0.029893
0 0.700226 0.632262 0.047941 0.030457
0 0.659616 0.403271 0.036661 0.025945
0 0.260293 0.068246 0.027637 0.049633
