0 0.058376 0.038917 0.038917 0.031585 
0 0.014382 0.053582 0.026509 0.050761 
0 0.024817 0.218838 0.041737 0.046249 
0 0.325155 0.203328 0.029893 0.032149 
0 0.442470 0.196277 0.023125 0.034969 
0 0.989002 0.447547 0.017484 0.053582 
0 0.533559 0.369430 0.087986 0.095883 
0 0.344332 0.355612 0.076142 0.084038 
0 0.340666 0.465595 0.066554 0.081782 
0 0.628596 0.378455 0.073886 0.080090 
0 0.592499 0.483080 0.078398 0.078398 
0 0.446136 0.527355 0.071066 0.087986 
0 0.480259 0.639594 0.049069 0.057530 
0 0.328821 0.628032 0.057530 0.077270 
