0 0.167231 0.043711 0.045685 0.037789
0 0.126340 0.067964 0.036097 0.036661
0 0.202482 0.069374 0.036097 0.034969
0 0.195431 0.043993 0.028765 0.030457
0 0.179357 0.097293 0.034969 0.036661
0 0.159334 0.113367 0.031021 0.029329
0 0.137620 0.050197 0.025945 0.027073
0 0.103779 0.214608 0.022561 0.023125
0 0.109419 0.244783 0.022561 0.024817
0 0.119853 0.194021 0.023125 0.018049
0 0.251269 0.218838 0.046813 0.051889
0 0.202764 0.251833 0.054710 0.053582
0 0.232092 0.287366 0.044557 0.043429
0 0.269882 0.272984 0.044557 0.050761
0 0.202764 0.204738 0.037789 0.032713
0 0.168359 0.221094 0.045685 0.039481
0 0.153976 0.258319 0.048505 0.041737
0 0.197688 0.295262 0.027637 0.034405
0 0.173435 0.298646 0.023125 0.026509
0 0.279470 0.228426 0.020869 0.032713
0 0.212916 0.331077 0.045685 0.039481
0 0.282008 0.313029 0.048505 0.029329
0 0.305697 0.373378 0.063170 0.057530
0 0.326565 0.321207 0.051889 0.038917
0 0.283700 0.352510 0.038353 0.034969
0 0.256909 0.342922 0.045685 0.043993
0 0.252397 0.384377 0.041173 0.034405
0 0.274676 0.426114 0.053017 0.058094
0 0.374506 0.329667 0.051889 0.051325
0 0.395093 0.380993 0.062606 0.065990
0 0.417654 0.342922 0.035533 0.040609
0 0.364918 0.415116 0.041737 0.043993
0 0.347716 0.463057 0.051325 0.062042
0 0.445290 0.469261 0.045685 0.042865
0 0.966159 0.300620 0.049633 0.058658
0 0.987874 0.249577 0.024253 0.044557
0 0.679921 0.640158 0.069374 0.063170
0 0.649746 0.608009 0.062042 0.054146
0 0.681613 0.642978 0.069374 0.063170
0 0.713762 0.618443 0.049069 0.044557
0 0.698816 0.584038 0.054146 0.052453
0 0.763395 0.626340 0.043429 0.047941
0 0.784828 0.667513 0.068246 0.068246
0 0.821771 0.734913 0.046249 0.064298
0 0.781726 0.730118 0.058658 0.060350
0 0.710378 0.720812 0.077270 0.081218
0 0.659616 0.768190 0.063734 0.062042
0 0.738015 0.780598 0.054710 0.050761
0 0.704738 0.768190 0.035533 0.030457
0 0.616469 0.713198 0.068810 0.076142
0 0.838973 0.667795 0.034405 0.024817
0 0.893965 0.686407 0.040609 0.039481
0 0.911168 0.671461 0.043429 0.044557
0 0.908911 0.754653 0.054710 0.055274
0 0.938804 0.743655 0.028765 0.040045
