0 0.049915 0.083756 0.029893 0.025381
0 0.090525 0.078962 0.018613 0.019177
0 0.259165 0.048787 0.036661 0.028765
0 0.265933 0.073604 0.029893 0.029893
0 0.233503 0.079244 0.023689 0.023125
0 0.436266 0.058376 0.031021 0.023125
0 0.477721 0.029893 0.030457 0.029329
0 0.304005 0.260575 0.046249 0.056402
0 0.262831 0.278624 0.036097 0.047377
0 0.232657 0.237451 0.047941 0.042865
0 0.170897 0.206148 0.053017 0.072758
0 0.159898 0.131134 0.051325 0.054710
0 0.056966 0.221658 0.038353 0.034969
0 0.076988 0.279470 0.033277 0.033277
0 0.062324 0.302030 0.031021 0.027637
0 0.032995 0.276086 0.042301 0.040045
0 0.221376 0.201354 0.037789 0.038353
0 0.694867 0.124083 0.068810 0.077834
0 0.681331 0.172871 0.055274 0.043429
0 0.796390 0.161309 0.037225 0.062042
0 0.779752 0.187253 0.050197 0.083474
0 0.757473 0.061196 0.077834 0.080654
0 0.495770 0.353356 0.039481 0.043429
0 0.430908 0.347998 0.020305 0.045121
0 0.617315 0.583756 0.042301 0.032713
0 0.620699 0.622955 0.034405 0.027637
0 0.657078 0.576988 0.024817 0.032713
0 0.683869 0.594191 0.028765 0.029893
0 0.561760 0.723350 0.051889 0.058094
0 0.541173 0.671461 0.060350 0.061478
0 0.480823 0.605471 0.055838 0.049069
0 0.474901 0.691765 0.073322 0.067118
0 0.500282 0.740553 0.064298 0.065426
0 0.396221 0.745065 0.042301 0.043993
0 0.394247 0.667231 0.059786 0.067682
0 0.440778 0.671461 0.027637 0.037789
0 0.029329 0.948111 0.031585 0.024817
0 0.011562 0.985054 0.019741 0.026509
0 0.006204 0.937958 0.010152 0.028201
0 0.017484 0.518331 0.029329 0.023689
0 0.036661 0.479413 0.031585 0.028201
0 0.012972 0.492386 0.021433 0.025945
0 0.012126 0.451495 0.023125 0.025381
