0 0.113649 0.019459 0.020869 0.026509 
0 0.534687 0.097857 0.042865 0.044557 
0 0.527073 0.139030 0.041173 0.038917 
0 0.502256 0.174845 0.037789 0.049633 
0 0.496616 0.209814 0.032149 0.014664 
0 0.554710 0.201354 0.040045 0.058658 
0 0.595319 0.206994 0.038917 0.051889 
0 0.542865 0.268754 0.045685 0.059222 
0 0.759729 0.250141 0.065426 0.055838 
0 0.762831 0.333615 0.071630 0.082910 
0 0.829103 0.349408 0.036097 0.042301 
0 0.956853 0.254089 0.025381 0.023125 
0 0.980823 0.303440 0.031585 0.037225 
0 0.664411 0.346024 0.066554 0.069374 
0 0.682459 0.419910 0.059786 0.070502 
0 0.787366 0.460801 0.054146 0.057530 
0 0.791314 0.395093 0.046249 0.038917 
0 0.663565 0.498026 0.049069 0.050761 
0 0.613367 0.357586 0.031021 0.066554 
0 0.375071 0.438240 0.043993 0.068810 
0 0.439932 0.457135 0.040609 0.046813 
0 0.462775 0.491258 0.038917 0.046249 
0 0.396785 0.482234 0.036661 0.040609 
0 0.372814 0.382967 0.038353 0.042865 
0 0.148054 0.509024 0.040045 0.028765 
0 0.056684 0.412860 0.047941 0.036097 
0 0.023689 0.456289 0.042865 0.043993 
0 0.065426 0.479695 0.030457 0.032149 
0 0.106599 0.499436 0.032713 0.033277 
0 0.067400 0.565990 0.034405 0.029893 
0 0.236887 0.309645 0.031585 0.033841 
0 0.223350 0.276368 0.033841 0.029329 
0 0.444444 0.908629 0.062042 0.074450 
0 0.394529 0.904681 0.042301 0.072194 
0 0.036661 0.840102 0.041737 0.043429 
0 0.793006 0.784546 0.030457 0.030457 
