0 0.653130 0.042301 0.034969 0.046249
0 0.619571 0.045403 0.024253 0.034405
0 0.627468 0.070502 0.029893 0.023689
0 0.632826 0.142414 0.030457 0.032149
0 0.699944 0.148900 0.031585 0.038353
0 0.667795 0.130570 0.029329 0.045685
0 0.931190 0.161873 0.049633 0.066554
0 0.934574 0.037789 0.029329 0.031585
0 0.979695 0.103215 0.036097 0.064298
0 0.945290 0.198816 0.045121 0.052453
0 0.945290 0.281726 0.048505 0.047941
0 0.837563 0.367456 0.053017 0.059222
0 0.934292 0.539481 0.058094 0.050197
0 0.869712 0.563170 0.034969 0.054710
0 0.820643 0.589397 0.054146 0.058658
0 0.808517 0.522561 0.042301 0.053582
0 0.610829 0.553017 0.059786 0.076142
0 0.540609 0.519177 0.071630 0.090807
0 0.518049 0.389453 0.069374 0.078398
0 0.431190 0.328539 0.062606 0.063734
0 0.424422 0.397349 0.064862 0.068246
0 0.371968 0.280034 0.035533 0.041173
0 0.335871 0.337563 0.029893 0.033277
0 0.296108 0.437394 0.039481 0.038917
0 0.331077 0.293006 0.037225 0.042301
0 0.275804 0.259447 0.032713 0.030457
0 0.342922 0.365764 0.027073 0.024253
0 0.218274 0.282854 0.030457 0.034405
0 0.286802 0.312183 0.032149 0.035533
0 0.292160 0.283418 0.023689 0.026509
0 0.560914 0.697688 0.035533 0.045121
0 0.303723 0.706148 0.044557 0.045121
0 0.294980 0.822335 0.042865 0.045121
0 0.278342 0.924986 0.028765 0.028201
0 0.845178 0.960237 0.052453 0.062606
0 0.692047 0.644388 0.041737 0.042301
0 0.735477 0.677947 0.046249 0.047377
0 0.148054 0.738015 0.040045 0.036661
