0 0.021433 0.317823 0.038353 0.037789
0 0.058376 0.103497 0.033277 0.026509
0 0.069092 0.068810 0.037789 0.034969
0 0.085448 0.031021 0.033277 0.021433
0 0.219402 0.046813 0.030457 0.029329
0 0.198816 0.040891 0.025381 0.025381
0 0.182459 0.014100 0.035533 0.024817
0 0.277214 0.225888 0.059222 0.069374
0 0.261703 0.145516 0.034969 0.041737
0 0.312183 0.188945 0.037789 0.049633
0 0.345742 0.252961 0.050761 0.061478
0 0.390581 0.298082 0.049069 0.058094
0 0.293852 0.289622 0.056402 0.058094
0 0.405809 0.360970 0.036661 0.045121
0 0.587986 0.037789 0.033277 0.038353
0 0.795262 0.043711 0.049633 0.050197
0 0.859560 0.038635 0.048505 0.052453
0 0.771292 0.239989 0.042301 0.038917
0 0.874788 0.280034 0.045121 0.058094
0 0.958263 0.294698 0.055274 0.059222
0 0.707276 0.309363 0.053017 0.071630
0 0.536379 0.447265 0.037225 0.045121
0 0.594755 0.441624 0.043429 0.055274
0 0.628596 0.435138 0.033277 0.053582
0 0.523407 0.476311 0.036097 0.036661
0 0.468697 0.454597 0.040609 0.056402
0 0.891427 0.475465 0.043429 0.065426
0 0.930344 0.506204 0.040045 0.042301
0 0.939932 0.540327 0.045685 0.040609
0 0.845742 0.485900 0.036661 0.044557
0 0.856176 0.420474 0.049633 0.045685
0 0.750141 0.827693 0.036097 0.043429
0 0.785392 0.819797 0.035533 0.035533
0 0.382967 0.741963 0.057530 0.071630
0 0.348844 0.699098 0.043429 0.034405
0 0.365482 0.665257 0.048505 0.037789
0 0.081218 0.830795 0.048505 0.050761
0 0.465313 0.730964 0.027073 0.029329
