0 0.939932 0.095883 0.020869 0.028201
0 0.915116 0.050197 0.016356 0.015792
0 0.897349 0.054146 0.018049 0.015792
0 0.867456 0.039763 0.021433 0.020869
0 0.935138 0.299210 0.023689 0.021997
0 0.860688 0.368302 0.020305 0.025945
0 0.777496 0.452059 0.033277 0.024253
0 0.804569 0.424704 0.025381 0.027073
0 0.716864 0.383813 0.043993 0.041173
0 0.740835 0.342922 0.053582 0.037225
0 0.722786 0.270728 0.033277 0.032713
0 0.685843 0.285956 0.046249 0.041737
0 0.637620 0.225042 0.049069 0.047377
0 0.576988 0.326565 0.054146 0.055274
0 0.439086 0.251269 0.036661 0.026509
0 0.417090 0.285110 0.040045 0.038917
0 0.406091 0.231528 0.034969 0.028765
0 0.367738 0.218274 0.043993 0.034969
0 0.345460 0.166103 0.028765 0.025381
0 0.311901 0.170897 0.031585 0.025945
0 0.161027 0.233785 0.037789 0.042301
0 0.250987 0.342358 0.039481 0.034969
0 0.147490 0.418500 0.047941 0.049633
0 0.132262 0.353074 0.058094 0.068810
0 0.159052 0.567964 0.047377 0.055274
0 0.228144 0.556402 0.050197 0.045685
0 0.248731 0.488156 0.037225 0.026509
0 0.811055 0.549351 0.097011 0.097011
0 0.678229 0.520587 0.081782 0.080090
0 0.730682 0.491258 0.059222 0.058658
0 0.899041 0.829949 0.033841 0.036661
0 0.932036 0.805133 0.027637 0.025381
0 0.985336 0.793570 0.028201 0.028201
0 0.972645 0.841794 0.033277 0.033277
0 0.912014 0.873660 0.037225 0.038353
0 0.600113 0.704456 0.057530 0.064298
0 0.451213 0.717710 0.045121 0.044557
0 0.605753 0.587140 0.059786 0.039481
0 0.854202 0.442470 0.025381 0.023125
0 0.112239 0.891991 0.046249 0.044557
0 0.062888 0.745347 0.062606 0.069374
0 0.307671 0.979977 0.040045 0.034405
0 0.939368 0.837281 0.021997 0.023125
0 0.246475 0.980541 0.045121 0.036661
0 0.598421 0.240835 0.027073 0.040609
