0 0.746757 0.109419 0.039481 0.043993 
0 0.161591 0.178511 0.079526 0.067118 
0 0.055274 0.158206 0.038353 0.045685 
0 0.161027 0.253807 0.063734 0.059786 
0 0.260575 0.278342 0.060914 0.068246 
0 0.349408 0.292724 0.064862 0.072194 
0 0.448111 0.342640 0.023125 0.047941 
0 0.590243 0.740835 0.060350 0.064862 
0 0.587422 0.831077 0.064862 0.070502 
0 0.426960 0.868302 0.067682 0.082910 
0 0.385223 0.765369 0.076706 0.086858 
0 0.317541 0.778060 0.053017 0.053582 
0 0.286238 0.714326 0.078398 0.073886 
0 0.324309 0.663283 0.074450 0.064298 
0 0.304287 0.277778 0.032149 0.046813 
