0 0.956853 0.070502 0.031021 0.034969
0 0.503384 0.064580 0.045685 0.035533
0 0.501128 0.142978 0.042301 0.040045
0 0.235477 0.025099 0.073886 0.047941
0 0.238015 0.363508 0.093627 0.098703
0 0.182177 0.285392 0.071066 0.080090
0 0.175409 0.350536 0.028201 0.050197
0 0.260293 0.457981 0.088550 0.090243
0 0.545967 0.440214 0.093627 0.105471
0 0.461365 0.405809 0.055274 0.068246
0 0.475183 0.479131 0.060350 0.081782
0 0.640158 0.509306 0.072194 0.090243
0 0.720248 0.525945 0.074450 0.088550
0 0.782008 0.477721 0.053582 0.059786
0 0.591371 0.524535 0.045685 0.065426
0 0.538635 0.729554 0.059786 0.079526
