0 0.639030 0.122673 0.054146 0.061478 
0 0.592781 0.098139 0.032713 0.033841 
0 0.584038 0.201072 0.049069 0.060350 
0 0.623237 0.169487 0.043993 0.043429 
0 0.561478 0.152284 0.038917 0.038353 
0 0.579808 0.254089 0.039481 0.043429 
0 0.540891 0.278906 0.031585 0.045685 
0 0.577552 0.285956 0.029329 0.021433 
0 0.804005 0.455443 0.082910 0.082910 
0 0.873378 0.460801 0.043429 0.050761 
0 0.769600 0.559786 0.056966 0.061478 
0 0.765369 0.512690 0.046249 0.029329 
0 0.553864 0.663847 0.048505 0.057530 
0 0.559786 0.777778 0.043429 0.048505 
0 0.496898 0.494078 0.068810 0.047377 
0 0.479695 0.564580 0.064862 0.057530 
0 0.384095 0.539763 0.069938 0.074450 
0 0.384377 0.630006 0.062606 0.058658 
0 0.346588 0.502820 0.051325 0.060350 
0 0.314721 0.559786 0.055274 0.051325 
0 0.265369 0.534687 0.045685 0.056402 
0 0.235195 0.569374 0.057530 0.067118 
0 0.234631 0.384377 0.039481 0.033277 
0 0.016356 0.560632 0.028201 0.038353 
0 0.801466 0.694303 0.045121 0.050761 
0 0.742809 0.705302 0.050761 0.045685 
0 0.269036 0.987874 0.048505 0.024253 
0 0.919628 0.646080 0.043429 0.054710 
0 0.267343 0.494360 0.027073 0.032149 
