0 0.337563 0.204456 0.113367 0.129160 
0 0.703328 0.227580 0.141004 0.144952 
0 0.593909 0.402989 0.068810 0.061478 
0 0.441060 0.349126 0.137620 0.136492 
0 0.240271 0.401861 0.111675 0.113367 
0 0.300338 0.369430 0.090807 0.095883 
0 0.285674 0.278624 0.076142 0.047377 
0 0.885223 0.775804 0.082910 0.065990 
0 0.471517 0.727862 0.136492 0.148336 
0 0.330795 0.681331 0.126904 0.108291 
0 0.381839 0.805979 0.090243 0.092499 
0 0.469543 0.844614 0.090807 0.070502 
0 0.404117 0.963057 0.122391 0.073886 
0 0.253807 0.838973 0.103779 0.097575 
0 0.111675 0.891991 0.085730 0.058094 
0 0.045685 0.777778 0.076706 0.063170 
0 0.225324 0.675409 0.070502 0.070502 
0 0.768190 0.819233 0.054146 0.052453 
