0 0.040609 0.029611 0.047377 0.051325
0 0.236041 0.014946 0.040045 0.028765
0 0.172307 0.077270 0.035533 0.028201
0 0.221940 0.091653 0.029893 0.046813
0 0.335307 0.048223 0.062606 0.086294
0 0.392555 0.089679 0.045121 0.056402
0 0.423294 0.022561 0.061478 0.043993
0 0.422166 0.190073 0.053582 0.071066
0 0.518895 0.195149 0.053017 0.066554
0 0.531585 0.259729 0.033277 0.037789
0 0.606317 0.252679 0.073322 0.082346
0 0.584884 0.300902 0.067682 0.076142
0 0.734349 0.228426 0.094755 0.107163
0 0.819233 0.216300 0.070502 0.099831
0 0.717992 0.390299 0.074450 0.083474
0 0.935702 0.407501 0.058658 0.073886
0 0.182177 0.276650 0.038353 0.041173
0 0.140158 0.299492 0.038917 0.041737
0 0.079244 0.335871 0.034405 0.034405
0 0.156514 0.491822 0.046813 0.056402
0 0.246475 0.430344 0.046249 0.045121
0 0.208686 0.481669 0.042865 0.039481
0 0.316977 0.532149 0.045121 0.058094
0 0.394529 0.573886 0.035533 0.061478
0 0.571912 0.560632 0.053017 0.051889
0 0.591653 0.662719 0.074450 0.094755
0 0.661027 0.657078 0.056402 0.072194
0 0.736323 0.665257 0.076142 0.076142
0 0.601241 0.732092 0.068810 0.051889
0 0.672871 0.878737 0.043993 0.050761
0 0.659898 0.920756 0.045121 0.043429
0 0.525663 0.878173 0.050761 0.045121
0 0.474337 0.876763 0.037225 0.032149
0 0.448675 0.904963 0.032149 0.037789
0 0.415962 0.893683 0.046813 0.058094
0 0.450367 0.838127 0.042301 0.029329
0 0.535815 0.823463 0.046249 0.030457
0 0.911450 0.488438 0.027073 0.038353
