0 0.218274 0.024253 0.042865 0.040609
0 0.287930 0.150028 0.029893 0.034969
0 0.680485 0.069938 0.033277 0.029329
0 0.954033 0.099549 0.051325 0.055838
0 0.864072 0.102933 0.055274 0.062606
0 0.795544 0.157078 0.060350 0.056966
0 0.862944 0.194585 0.053017 0.053017
0 0.943598 0.201072 0.050761 0.050197
0 0.818105 0.272702 0.053582 0.050197
0 0.659052 0.274958 0.071630 0.073886
0 0.479413 0.323463 0.077834 0.063734
0 0.456007 0.272138 0.054710 0.040045
0 0.578962 0.386351 0.071630 0.066554
0 0.500000 0.407219 0.063734 0.051889
0 0.551043 0.472645 0.069938 0.069938
0 0.731528 0.568528 0.068810 0.064298
0 0.646926 0.639594 0.050761 0.054146
0 0.745065 0.727580 0.051889 0.049633
0 0.280316 0.815567 0.038353 0.032713
0 0.186407 0.786802 0.053582 0.039481
0 0.204456 0.919346 0.034405 0.025945
0 0.159334 0.896785 0.035533 0.031585
0 0.392837 0.468979 0.031021 0.027637
