0 0.335589 0.026509 0.050761 0.049633 
0 0.424140 0.050761 0.068810 0.054146 
0 0.686971 0.058094 0.038353 0.043993 
0 0.749859 0.075296 0.038917 0.040045 
0 0.717992 0.078116 0.031585 0.033277 
0 0.696560 0.112239 0.031585 0.033841 
0 0.581218 0.385505 0.033277 0.043429 
0 0.595319 0.481387 0.018613 0.053582 
0 0.498026 0.412860 0.037225 0.057530 
0 0.445572 0.422166 0.049633 0.047941 
0 0.434292 0.466441 0.049633 0.046249 
0 0.675973 0.628878 0.046813 0.057530 
0 0.728990 0.657924 0.049069 0.063734 
0 0.670615 0.685843 0.056402 0.049633 
0 0.262267 0.730118 0.055274 0.053582 
0 0.235477 0.783418 0.050197 0.042865 
0 0.172871 0.754089 0.049069 0.050761 
0 0.149182 0.881839 0.032149 0.035533 
0 0.096447 0.872532 0.030457 0.025945 
0 0.106599 0.825437 0.043993 0.024253 
0 0.044839 0.622109 0.037789 0.032713 
0 0.068810 0.483080 0.046249 0.049069 
0 0.012408 0.629724 0.022561 0.046813 
