0 0.395375 0.077552 0.093627 0.089679
0 0.404399 0.147772 0.097011 0.078962
0 0.598703 0.229554 0.088550 0.069938
0 0.666103 0.348844 0.063170 0.055838
0 0.588832 0.409193 0.059786 0.047941
0 0.663565 0.458827 0.089679 0.097575
0 0.350254 0.251551 0.100395 0.081218
0 0.356458 0.362380 0.084602 0.089679
0 0.259729 0.333051 0.100959 0.103215
0 0.508178 0.489284 0.115059 0.099831
0 0.639876 0.603215 0.121263 0.120135
0 0.543993 0.735759 0.107727 0.099831
0 0.495488 0.663847 0.080654 0.086858
0 0.359278 0.617033 0.098139 0.111675
