0 0.427806 0.066272 0.043429 0.047941
0 0.489284 0.107727 0.035533 0.023689
0 0.474055 0.071912 0.028765 0.026509
0 0.444726 0.009870 0.027637 0.016356
0 0.373378 0.019741 0.041737 0.032713
0 0.310209 0.078962 0.047377 0.045121
0 0.277778 0.066836 0.038917 0.042301
0 0.382967 0.131416 0.027073 0.027073
0 0.122391 0.289058 0.042865 0.046813
0 0.075860 0.243091 0.044557 0.045121
0 0.078116 0.331077 0.047941 0.027073
0 0.315849 0.324027 0.025945 0.032149
0 0.284828 0.290468 0.029329 0.036097
0 0.245911 0.277496 0.039481 0.036097
0 0.426678 0.250141 0.086294 0.102087
0 0.386069 0.285110 0.037789 0.065990
0 0.531867 0.330513 0.076706 0.086858
0 0.567964 0.238861 0.057530 0.072758
0 0.682177 0.230682 0.067118 0.062042
0 0.720812 0.182177 0.060914 0.045121
0 0.722504 0.235477 0.027073 0.036661
0 0.862662 0.255499 0.044557 0.051889
0 0.794980 0.367738 0.038917 0.040609
0 0.681331 0.370276 0.056402 0.065990
0 0.644952 0.388889 0.075014 0.084038
0 0.574732 0.545403 0.063170 0.069938
0 0.301184 0.504230 0.068810 0.084602
0 0.342076 0.517484 0.033277 0.056966
0 0.183023 0.461929 0.049069 0.041737
0 0.273548 0.597011 0.037225 0.051325
0 0.445290 0.635928 0.067118 0.071630
0 0.434010 0.710660 0.072758 0.077834
0 0.112521 0.510998 0.029893 0.047377
0 0.034123 0.566554 0.046813 0.046813
0 0.149746 0.586012 0.049069 0.049633
0 0.147772 0.651156 0.045121 0.056966
0 0.053017 0.666949 0.042865 0.027637
0 0.027355 0.710942 0.040045 0.043429
0 0.245629 0.740271 0.076142 0.065990
0 0.218556 0.829949 0.081782 0.069374
0 0.175691 0.817541 0.068246 0.076142
0 0.139594 0.799774 0.031021 0.030457
0 0.514100 0.888889 0.090807 0.084602
0 0.599267 0.888889 0.086294 0.073322
0 0.393683 0.946983 0.082346 0.098139
0 0.272138 0.963339 0.041173 0.065426
