0 0.108573 0.111393 0.019741 0.019741
0 0.123801 0.140722 0.019741 0.016356
0 0.138184 0.153412 0.020305 0.021433
0 0.462493 0.408911 0.084602 0.103779
0 0.531303 0.493514 0.080090 0.091371
0 0.392555 0.590525 0.059786 0.059786
0 0.694585 0.512408 0.061478 0.054710
0 0.712916 0.404399 0.089114 0.091371
0 0.644670 0.420192 0.074450 0.089114
0 0.424140 0.688945 0.064298 0.052453
0 0.514946 0.721376 0.046249 0.042865
0 0.461083 0.744501 0.034405 0.031585
0 0.557530 0.779188 0.036661 0.027637
0 0.261421 0.691483 0.070502 0.055274
0 0.329103 0.696842 0.053582 0.045685
0 0.260575 0.729554 0.072194 0.051325
0 0.268190 0.778906 0.050197 0.040609
0 0.178511 0.742527 0.053582 0.054710
0 0.633108 0.606317 0.035533 0.045121
0 0.650028 0.663847 0.049069 0.050761
0 0.959391 0.705020 0.023689 0.027073
0 0.854484 0.769600 0.039481 0.036661
0 0.798646 0.865200 0.036097 0.041737
0 0.829949 0.858150 0.026509 0.032149
0 0.901297 0.842076 0.060914 0.050761
0 0.977439 0.846588 0.042865 0.057530
0 0.982234 0.908911 0.025381 0.041173
