0 0.184715 0.251551 0.056966 0.039481 
0 0.166949 0.225324 0.025945 0.021997 
0 0.149182 0.203892 0.032149 0.023125 
0 0.121545 0.264805 0.045685 0.037789 
0 0.186971 0.299210 0.033277 0.029893 
0 0.119853 0.316977 0.036661 0.029329 
0 0.139876 0.357022 0.032713 0.037225 
0 0.019741 0.419346 0.030457 0.018613 
0 0.343486 0.272702 0.065426 0.069374 
0 0.256627 0.316695 0.041737 0.055838 
0 0.308517 0.348280 0.051889 0.059222 
0 0.309645 0.402989 0.056402 0.047941 
0 0.386915 0.447265 0.040609 0.039481 
0 0.447829 0.459955 0.055274 0.062606 
0 0.564580 0.567118 0.048505 0.054710 
0 0.929216 0.193457 0.042301 0.042865 
0 0.952623 0.238861 0.032713 0.038917 
0 0.989848 0.184715 0.020305 0.046813 
0 0.917090 0.277214 0.024817 0.040045 
0 0.980541 0.289058 0.018613 0.037789 
0 0.992104 0.381557 0.007896 0.043429 
0 0.987310 0.324873 0.025381 0.056402 
0 0.223914 0.595319 0.062042 0.037789 
0 0.045685 0.888325 0.037225 0.045121 
0 0.213198 0.836717 0.036097 0.044557 
0 0.375635 0.845742 0.065426 0.078398 
0 0.475183 0.850254 0.052453 0.062606 
0 0.406091 0.912860 0.048505 0.059222 
0 0.452905 0.918218 0.043993 0.058658 
0 0.508178 0.929216 0.057530 0.065990 
0 0.546249 0.846870 0.045685 0.044557 
0 0.643542 0.917654 0.057530 0.066554 
0 0.729836 0.898195 0.037225 0.045685 
