0 0.102933 0.147772 0.035533 0.033841 
0 0.261421 0.087140 0.031021 0.035533 
0 0.349408 0.033277 0.059222 0.059786 
0 0.418782 0.048505 0.046813 0.046249 
0 0.429780 0.100677 0.058658 0.054710 
0 0.382121 0.117597 0.036661 0.031021 
0 0.754935 0.038917 0.044557 0.046249 
0 0.725324 0.053017 0.033841 0.027073 
0 0.280034 0.396221 0.045685 0.051325 
0 0.336717 0.370840 0.045121 0.046813 
0 0.353638 0.350818 0.040609 0.047377 
0 0.450367 0.370276 0.064862 0.069374 
0 0.610547 0.383813 0.082910 0.079526 
0 0.550197 0.480259 0.058094 0.078398 
0 0.617597 0.464749 0.077834 0.058658 
0 0.551325 0.349408 0.056966 0.043429 
0 0.424422 0.462211 0.068246 0.085166 
0 0.785956 0.445854 0.044557 0.047941 
0 0.513536 0.666949 0.063734 0.055838 
