0 0.022279 0.059786 0.036661 0.033841
0 0.093345 0.088832 0.096447 0.086294
0 0.244219 0.083192 0.085730 0.085166
0 0.163001 0.213480 0.073322 0.070502
0 0.044839 0.184151 0.085166 0.080654
0 0.949521 0.098703 0.055838 0.064298
0 0.871968 0.104907 0.059786 0.060914
0 0.415398 0.290186 0.065990 0.069374
0 0.571348 0.390863 0.086858 0.092499
0 0.650874 0.415116 0.064298 0.083474
0 0.582628 0.525945 0.056402 0.065990
0 0.522561 0.540045 0.053582 0.065990
0 0.459391 0.557530 0.068246 0.091935
0 0.391145 0.552735 0.050197 0.056402
0 0.437112 0.452623 0.090243 0.097575
0 0.318951 0.479695 0.070502 0.070502
0 0.333615 0.534969 0.059222 0.036661
0 0.040045 0.490694 0.042865 0.047377
0 0.742245 0.569656 0.062042 0.059786
0 0.650874 0.631134 0.053017 0.055274
0 0.616751 0.565708 0.043429 0.057530
0 0.564862 0.614213 0.073886 0.068810
0 0.733785 0.670051 0.057530 0.058658
0 0.791878 0.734631 0.047377 0.049069
0 0.605189 0.701354 0.048505 0.058094
0 0.631416 0.721658 0.038917 0.046813
0 0.361816 0.042583 0.054710 0.052453
