0 0.855330 0.042019 0.065990 0.071630
0 0.829667 0.076706 0.042865 0.056402
0 0.926114 0.083756 0.043993 0.037789
0 0.597857 0.267625 0.108291 0.112239
0 0.633672 0.382403 0.111111 0.117315
0 0.434856 0.314157 0.161309 0.179357
0 0.511280 0.457699 0.089679 0.093063
0 0.479131 0.522843 0.072758 0.075578
0 0.380993 0.375071 0.061478 0.089114
0 0.140440 0.448393 0.060914 0.066554
0 0.203046 0.460519 0.047377 0.045685
0 0.188381 0.107445 0.059786 0.071630
0 0.264241 0.208404 0.041173 0.046813
0 0.249295 0.147772 0.056402 0.056402
0 0.608855 0.679357 0.073886 0.080654
0 0.183587 0.743091 0.121263 0.120135
0 0.295262 0.766779 0.071630 0.081782
0 0.235759 0.832487 0.071066 0.074450
0 0.118443 0.701918 0.059786 0.072758
0 0.172307 0.956007 0.098703 0.086858
0 0.078680 0.665257 0.040045 0.036661
0 0.084602 0.531021 0.057530 0.043429
