0 0.033841 0.133954 0.032713 0.028765
0 0.130570 0.133108 0.027637 0.039481
0 0.183305 0.122391 0.019177 0.024817
0 0.105471 0.147490 0.020305 0.023125
0 0.045403 0.172307 0.026509 0.025381
0 0.015792 0.167231 0.025945 0.035533
0 0.047941 0.189509 0.025945 0.015792
0 0.955161 0.121545 0.036661 0.043429
0 0.968133 0.087422 0.035533 0.031585
0 0.944444 0.279752 0.029893 0.037225
0 0.859560 0.320361 0.037225 0.027073
0 0.789340 0.251269 0.035533 0.026509
0 0.732657 0.212916 0.027073 0.026509
0 0.325155 0.307389 0.088550 0.073322
0 0.225042 0.396503 0.055274 0.055274
0 0.276932 0.430908 0.064298 0.058658
0 0.592217 0.377609 0.071066 0.068246
0 0.512126 0.406937 0.051889 0.056966
0 0.585166 0.508460 0.064862 0.055838
0 0.366328 0.529047 0.064862 0.056402
0 0.355612 0.595319 0.055838 0.049069
0 0.449803 0.627750 0.046813 0.041737
0 0.511280 0.631416 0.036661 0.023125
0 0.703610 0.644106 0.050197 0.032713
0 0.615341 0.648336 0.054146 0.034405
0 0.883531 0.494642 0.047941 0.030457
0 0.827129 0.686125 0.040045 0.031021
0 0.153130 0.539199 0.021997 0.025945
0 0.155104 0.479977 0.030457 0.025945
0 0.355048 0.694585 0.028765 0.036661
0 0.301184 0.743937 0.036097 0.037225
0 0.320643 0.784546 0.026509 0.029329
0 0.370558 0.810209 0.029329 0.028765
0 0.072194 0.701918 0.033841 0.031021
0 0.045685 0.712070 0.036097 0.032149
0 0.126058 0.750705 0.042301 0.037225
0 0.104907 0.781444 0.039481 0.045685
0 0.150028 0.798364 0.033841 0.034405
0 0.234067 0.908347 0.020305 0.025381
0 0.198252 0.940214 0.024253 0.021433
0 0.221094 0.966441 0.021433 0.025381
0 0.251551 0.955725 0.022561 0.017484
0 0.278906 0.937958 0.023125 0.025945
