0 0.097575 0.038071 0.077834 0.070502 
0 0.016638 0.093345 0.028765 0.090807 
0 0.048787 0.175127 0.089679 0.091935 
0 0.096729 0.103779 0.060350 0.058658 
0 0.434574 0.061196 0.049069 0.058094 
0 0.653976 0.344332 0.089679 0.106599 
0 0.719684 0.332205 0.038353 0.069938 
0 0.692047 0.399605 0.047377 0.051325 
0 0.856176 0.344332 0.038353 0.034405 
0 0.803440 0.384941 0.043429 0.045685 
0 0.604907 0.439086 0.064862 0.070502 
0 0.400451 0.257191 0.047377 0.041737 
0 0.409757 0.299774 0.032149 0.038917 
0 0.370840 0.312465 0.044557 0.055274 
0 0.201354 0.410039 0.053017 0.056402 
0 0.255499 0.472081 0.076706 0.071066 
0 0.187817 0.483362 0.049633 0.054146 
0 0.239989 0.523971 0.051325 0.025945 
0 0.029047 0.434010 0.037789 0.032149 
0 0.089961 0.640440 0.069374 0.098703 
0 0.143260 0.648900 0.042865 0.050197 
0 0.222504 0.677947 0.061478 0.063170 
0 0.304569 0.660745 0.064298 0.035533 
0 0.019459 0.944444 0.035533 0.060350 
0 0.064862 0.963339 0.085730 0.063170 
0 0.703892 0.872814 0.043993 0.050197 
0 0.957981 0.732939 0.077270 0.053582 
0 0.775240 0.869712 0.046813 0.064298 
0 0.778624 0.906091 0.053582 0.045685 
0 0.780034 0.936548 0.034969 0.035533 
