0 0.055274 0.080936 0.046249 0.044557
0 0.084320 0.049351 0.018613 0.040045
0 0.115059 0.013254 0.036097 0.025381
0 0.145516 0.032995 0.030457 0.038917
0 0.154822 0.011562 0.036661 0.021997
0 0.189509 0.151156 0.046249 0.059786
0 0.178793 0.202200 0.036097 0.041173
0 0.242527 0.199944 0.084602 0.096447
0 0.311901 0.227862 0.028201 0.045121
0 0.131416 0.228708 0.049633 0.052453
0 0.118725 0.166667 0.046813 0.044557
0 0.141286 0.268190 0.051325 0.026509
0 0.372814 0.279470 0.059786 0.069374
0 0.370276 0.206430 0.064862 0.063170
0 0.471799 0.269318 0.036661 0.035533
0 0.519741 0.188663 0.043429 0.047941
0 0.471235 0.112521 0.032149 0.058094
0 0.413988 0.050479 0.039481 0.049069
0 0.471517 0.028765 0.049633 0.046249
0 0.717992 0.214890 0.038353 0.050761
0 0.759165 0.204738 0.039481 0.030457
0 0.705020 0.281444 0.034969 0.022561
0 0.654822 0.336999 0.047377 0.052453
0 0.177383 0.407783 0.032149 0.033841
0 0.297236 0.441624 0.074450 0.075578
0 0.395939 0.497744 0.111675 0.099831
0 0.510716 0.567682 0.062606 0.042301
0 0.497744 0.612803 0.044557 0.038917
0 0.422448 0.599831 0.078962 0.073886
0 0.286238 0.639030 0.033277 0.033841
0 0.161591 0.625212 0.060350 0.055838
0 0.189509 0.565990 0.063170 0.046813
0 0.112521 0.630570 0.064862 0.066554
0 0.708122 0.584884 0.051325 0.051889
0 0.733503 0.452059 0.049069 0.034405
0 0.829949 0.462775 0.060350 0.055838
0 0.852228 0.421038 0.075578 0.054710
0 0.789058 0.424140 0.053017 0.041737
0 0.869712 0.754371 0.037225 0.031021
0 0.415116 0.871968 0.055274 0.050761
0 0.555838 0.503666 0.031021 0.028201
0 0.612803 0.487028 0.033277 0.032149
0 0.600395 0.918500 0.037789 0.035533
0 0.642132 0.910886 0.032149 0.027073
0 0.576424 0.966723 0.032713 0.029329
0 0.630852 0.979131 0.033277 0.030457
