0 0.644106 0.104343 0.046249 0.048505
0 0.531867 0.242245 0.069938 0.060350
0 0.597857 0.349408 0.076706 0.069374
0 0.638184 0.401015 0.064862 0.046249
0 0.609419 0.427242 0.063734 0.059222
0 0.532713 0.413988 0.059222 0.066554
0 0.533277 0.474619 0.050197 0.059222
0 0.454597 0.369712 0.064298 0.055838
0 0.439368 0.428934 0.067682 0.049069
0 0.423576 0.505358 0.049633 0.034969
0 0.113649 0.972363 0.053582 0.047377
0 0.080936 0.908347 0.040045 0.028765
0 0.821771 0.638466 0.047377 0.048505
0 0.857022 0.646926 0.032149 0.038353
0 0.837563 0.678511 0.040609 0.034969
0 0.778060 0.686971 0.031021 0.049633
0 0.744501 0.645798 0.046249 0.038353
0 0.585730 0.915116 0.038917 0.037789
0 0.586294 0.885223 0.033277 0.028765
0 0.625212 0.898759 0.037789 0.032149
