0 0.107727 0.188663 0.028201 0.027637
0 0.106599 0.190355 0.028201 0.027637
0 0.084320 0.190355 0.032149 0.021997
0 0.056120 0.194867 0.028765 0.033277
0 0.034687 0.191765 0.026509 0.028201
0 0.036097 0.219402 0.024817 0.027073
0 0.015510 0.219966 0.023125 0.024817
0 0.066272 0.285110 0.028765 0.029893
0 0.111393 0.302312 0.027637 0.027073
0 0.065426 0.311901 0.036097 0.020305
0 0.159616 0.395375 0.031585 0.024817
0 0.167231 0.552171 0.020869 0.023689
0 0.496898 0.183305 0.039481 0.037225
0 0.516356 0.156796 0.033277 0.036097
0 0.553017 0.171461 0.029893 0.036097
0 0.507332 0.138748 0.031021 0.028201
0 0.471517 0.153694 0.041737 0.034405
0 0.447265 0.192893 0.028201 0.025945
0 0.937676 0.037507 0.023125 0.018613
0 0.955725 0.022561 0.017484 0.015792
0 0.948675 0.013818 0.024817 0.015228
0 0.984208 0.031867 0.019177 0.019741
0 0.987310 0.010434 0.025381 0.012972
0 0.963339 0.264241 0.028201 0.033277
0 0.904963 0.285674 0.035533 0.028765
0 0.973209 0.337845 0.029893 0.027073
0 0.927242 0.261703 0.028201 0.021433
0 0.959109 0.245629 0.033277 0.018613
0 0.990412 0.282854 0.014664 0.028765
0 0.959109 0.457417 0.026509 0.019177
0 0.913706 0.460801 0.020305 0.019177
0 0.936830 0.452905 0.021433 0.020305
0 0.692047 0.342358 0.024817 0.024817
0 0.688663 0.364636 0.021433 0.012972
0 0.657642 0.353356 0.025945 0.019741
0 0.655104 0.336717 0.026509 0.010152
0 0.647208 0.372814 0.029893 0.021433
0 0.654822 0.399323 0.025945 0.021433
0 0.718838 0.425832 0.033277 0.037225
0 0.704174 0.457981 0.050197 0.046249
0 0.759729 0.472363 0.041737 0.042301
0 0.732092 0.502256 0.042865 0.044557
0 0.756345 0.538353 0.034969 0.037789
0 0.699098 0.530175 0.045685 0.045121
0 0.680203 0.432036 0.029329 0.031585
0 0.649746 0.430626 0.049633 0.041173
0 0.646926 0.479977 0.047377 0.046249
0 0.663001 0.606035 0.036661 0.033277
0 0.614777 0.583474 0.042865 0.044557
0 0.391145 0.302030 0.023125 0.025381
0 0.408911 0.304569 0.016920 0.020305
0 0.371686 0.292724 0.015792 0.021433
0 0.349972 0.300056 0.020869 0.022561
0 0.346870 0.317541 0.021433 0.025945
0 0.448111 0.367174 0.035533 0.025945
0 0.443316 0.434010 0.051889 0.049069
0 0.443034 0.393683 0.040045 0.036097
0 0.407219 0.399041 0.032713 0.042301
0 0.373660 0.408911 0.054710 0.048505
0 0.377045 0.457699 0.046813 0.047941
0 0.401861 0.489284 0.044557 0.033277
0 0.341512 0.551325 0.044557 0.042301
0 0.322617 0.452905 0.054146 0.050761
0 0.320079 0.406373 0.052453 0.040045
