0 0.413142 0.092217 0.018613 0.018613
0 0.416526 0.065708 0.018613 0.019741
0 0.442752 0.061760 0.019177 0.019741
0 0.448957 0.084038 0.014664 0.011280
0 0.423012 0.047659 0.018049 0.016356
0 0.414834 0.021715 0.023125 0.021997
0 0.393683 0.026227 0.019177 0.019741
0 0.382121 0.012408 0.016356 0.014664
0 0.371122 0.040609 0.016920 0.016920
0 0.256063 0.075860 0.015792 0.019741
0 0.279470 0.067682 0.019741 0.018049
0 0.213198 0.081218 0.027073 0.028201
0 0.225042 0.062888 0.028201 0.025381
0 0.185843 0.052453 0.032149 0.031585
0 0.180767 0.031867 0.021997 0.012972
0 0.210660 0.052735 0.017484 0.021997
0 0.139312 0.058376 0.036097 0.027637
0 0.142696 0.089961 0.031585 0.028765
0 0.206430 0.108291 0.023689 0.020305
0 0.221940 0.120417 0.018613 0.017484
0 0.200508 0.133954 0.024253 0.020869
0 0.176537 0.164411 0.029329 0.023125
0 0.176255 0.209814 0.026509 0.021433
0 0.148900 0.176255 0.024817 0.019741
0 0.113367 0.163001 0.019177 0.016920
0 0.371686 0.083756 0.020305 0.018613
0 0.363790 0.105753 0.021433 0.018613
0 0.390017 0.189509 0.015228 0.018049
0 0.313875 0.249577 0.028765 0.024253
0 0.318387 0.275804 0.033277 0.027073
0 0.313593 0.294980 0.030457 0.016920
0 0.305133 0.315003 0.030457 0.026509
0 0.346870 0.342358 0.027073 0.022561
0 0.368584 0.298364 0.029893 0.028201
0 0.357304 0.254371 0.033277 0.031585
0 0.367174 0.233221 0.027073 0.027637
0 0.395939 0.272138 0.028201 0.027637
0 0.425550 0.313593 0.026509 0.028201
0 0.432600 0.290468 0.028201 0.028201
0 0.472645 0.286238 0.033841 0.031021
0 0.495488 0.311055 0.026509 0.027637
0 0.476029 0.322335 0.022561 0.023125
0 0.466159 0.268472 0.027637 0.022561
0 0.496052 0.269600 0.014100 0.016920
0 0.521997 0.267061 0.016356 0.017484
0 0.543429 0.271856 0.016356 0.019177
0 0.530175 0.289622 0.023689 0.015228
0 0.503948 0.287366 0.016356 0.010716
0 0.651720 0.284546 0.024253 0.023125
0 0.644106 0.300902 0.020305 0.016356
0 0.648618 0.316695 0.022561 0.024253
0 0.536097 0.395939 0.028765 0.029329
0 0.839820 0.284546 0.053017 0.051325
0 0.828257 0.248167 0.053582 0.049633
0 0.923294 0.277496 0.045121 0.048505
0 0.944726 0.248731 0.045121 0.030457
0 0.896503 0.241963 0.038917 0.028201
0 0.869148 0.267625 0.024817 0.021997
0 0.974901 0.288494 0.046813 0.049069
0 0.925832 0.329667 0.052453 0.050197
0 0.945290 0.356176 0.039481 0.036661
0 0.958545 0.313311 0.024253 0.027637
0 0.896503 0.391427 0.047941 0.046249
0 0.843204 0.466723 0.040609 0.042301
0 0.764523 0.476593 0.033277 0.033841
0 0.705584 0.463057 0.039481 0.036097
0 0.730400 0.518895 0.040609 0.040609
0 0.735195 0.459955 0.031021 0.041173
0 0.690919 0.530739 0.036097 0.038353
0 0.711506 0.560068 0.037789 0.034969
0 0.650592 0.513254 0.033277 0.032713
0 0.659052 0.573040 0.031021 0.030457
0 0.592217 0.578398 0.028201 0.031021
0 0.574450 0.538917 0.033277 0.036661
0 0.022279 0.943598 0.036661 0.029329
0 0.085166 0.908065 0.029329 0.032713
0 0.432600 0.782854 0.031585 0.031585
0 0.485336 0.829667 0.029893 0.032713
0 0.422166 0.769318 0.028765 0.033841
0 0.485336 0.830795 0.029893 0.032713
0 0.388889 0.815003 0.038917 0.040609
0 0.430908 0.841230 0.031585 0.036661
0 0.444444 0.877045 0.038353 0.031585
0 0.383813 0.862944 0.033277 0.036097
0 0.390017 0.814439 0.033277 0.041737
0 0.380147 0.787084 0.023689 0.017484
0 0.361816 0.815003 0.024253 0.031585
0 0.702200 0.500846 0.023689 0.020305
