0 0.292724 0.013818 0.030457 0.026509
0 0.540045 0.138466 0.044557 0.045685
0 0.537507 0.108291 0.030457 0.022561
0 0.498026 0.155950 0.041737 0.040045
0 0.498308 0.131134 0.026509 0.017484
0 0.587704 0.177383 0.046249 0.040045
0 0.594755 0.148054 0.041173 0.029893
0 0.586576 0.220812 0.039481 0.033277
0 0.542019 0.271856 0.034969 0.033841
0 0.516920 0.197688 0.044557 0.042301
0 0.743373 0.113085 0.029329 0.032149
0 0.837563 0.134800 0.034969 0.030457
0 0.818387 0.175409 0.032713 0.028201
0 0.830513 0.104061 0.034405 0.024253
0 0.953469 0.449521 0.020869 0.024817
0 0.945854 0.491540 0.021433 0.024253
0 0.406373 0.278906 0.019741 0.014100
0 0.391709 0.291878 0.018613 0.014100
0 0.390299 0.307953 0.013536 0.015792
0 0.475465 0.406091 0.028201 0.030457
0 0.322899 0.481387 0.023125 0.024253
0 0.289340 0.478285 0.029329 0.029329
0 0.291032 0.448111 0.025945 0.020869
0 0.297800 0.414834 0.020305 0.020869
0 0.270164 0.428934 0.024817 0.023125
0 0.268472 0.407501 0.023689 0.015228
0 0.270446 0.386069 0.026509 0.020869
0 0.231246 0.387761 0.019177 0.015228
0 0.191765 0.391427 0.032713 0.025945
0 0.149182 0.406937 0.028765 0.026509
0 0.144952 0.443598 0.023689 0.023125
0 0.476875 0.719684 0.035533 0.025945
0 0.464467 0.668641 0.027637 0.036661
0 0.461083 0.629442 0.032149 0.033841
0 0.423576 0.552453 0.040609 0.036661
0 0.455725 0.565426 0.024817 0.026509
0 0.404117 0.612521 0.049069 0.042865
0 0.401015 0.655386 0.050761 0.043993
0 0.369430 0.645798 0.033841 0.021433
0 0.373096 0.576424 0.034405 0.025945
0 0.348562 0.596729 0.041737 0.039481
0 0.354766 0.622673 0.031585 0.013536
0 0.331641 0.665539 0.043993 0.046249
0 0.779752 0.569092 0.068246 0.057530
0 0.816977 0.564016 0.033277 0.053017
0 0.873378 0.670897 0.059222 0.062606
0 0.787084 0.669769 0.080654 0.072758
0 0.825155 0.650310 0.039481 0.051889
0 0.818951 0.749013 0.069938 0.067682
0 0.717992 0.634236 0.060914 0.056966
0 0.695149 0.723350 0.065990 0.065990
0 0.732939 0.739707 0.035533 0.045685
0 0.644388 0.712070 0.049069 0.049069
0 0.661309 0.751833 0.047941 0.037225
0 0.134518 0.836153 0.026509 0.018613
0 0.111111 0.864072 0.031585 0.023689
0 0.120981 0.889735 0.025381 0.019741
0 0.107163 0.884659 0.021433 0.020869
