0 0.089114 0.024535 0.083474 0.044557
0 0.032995 0.018049 0.055838 0.028201
0 0.717428 0.071630 0.054146 0.076706
0 0.185843 0.044275 0.029893 0.027637
0 0.142414 0.022279 0.031021 0.041173
0 0.108291 0.162155 0.038353 0.053582
0 0.142132 0.176819 0.037225 0.050197
0 0.065144 0.140158 0.027637 0.028765
0 0.036097 0.164975 0.031585 0.032149
0 0.013818 0.133954 0.024253 0.038917
0 0.010152 0.162719 0.019177 0.026509
0 0.554428 0.102933 0.042865 0.046813
0 0.960519 0.170897 0.020305 0.018049
0 0.952905 0.203046 0.024253 0.022561
0 0.925550 0.194585 0.022561 0.023689
0 0.716864 0.213762 0.049633 0.048505
0 0.723914 0.263113 0.040045 0.028765
0 0.662719 0.223914 0.037225 0.034969
0 0.666103 0.282854 0.041737 0.042301
0 0.670897 0.323181 0.036661 0.034969
0 0.829385 0.412578 0.032149 0.032149
0 0.520869 0.408065 0.043429 0.047941
0 0.497744 0.371968 0.037789 0.029893
0 0.467005 0.419064 0.049633 0.051889
0 0.419064 0.432036 0.039481 0.042865
0 0.393401 0.385787 0.041173 0.043993
0 0.579526 0.483362 0.026509 0.032713
0 0.214326 0.548505 0.039481 0.038917
0 0.247885 0.553864 0.029893 0.041737
0 0.223632 0.658770 0.031021 0.039481
0 0.436548 0.830513 0.056402 0.062606
0 0.394811 0.849690 0.036097 0.040045
0 0.478003 0.803440 0.037789 0.042301
0 0.906373 0.823463 0.040609 0.055274
0 0.941060 0.817259 0.033277 0.043993
0 0.972645 0.778060 0.046813 0.060350
0 0.944444 0.914834 0.033277 0.033841
