0 0.461929 0.330795 0.072194 0.065990 
0 0.548223 0.413142 0.046249 0.044557 
0 0.582346 0.466723 0.068246 0.064862 
0 0.373660 0.402989 0.054710 0.049069 
0 0.359560 0.422166 0.058094 0.061478 
0 0.392273 0.494924 0.052453 0.049069 
0 0.858996 0.053582 0.029329 0.039481 
0 0.894811 0.044275 0.027637 0.028765 
0 0.929216 0.022279 0.024253 0.027637 
0 0.809363 0.529893 0.037225 0.026509 
0 0.811337 0.579808 0.034405 0.032713 
0 0.868302 0.564016 0.029893 0.027073 
0 0.811055 0.681613 0.040609 0.036661 
0 0.697406 0.946701 0.042301 0.049069 
0 0.879865 0.716582 0.036097 0.050197 
0 0.303723 0.418218 0.033277 0.032149 
