0 0.284546 0.014946 0.062606 0.026509
0 0.904117 0.022561 0.051889 0.039481
0 0.964185 0.221094 0.052453 0.054146
0 0.831641 0.221376 0.055838 0.047941
0 0.875635 0.248167 0.062606 0.046249
0 0.936548 0.274112 0.056966 0.037225
0 0.789904 0.328821 0.044557 0.036097
0 0.698534 0.401297 0.061478 0.053582
0 0.730118 0.528483 0.069374 0.063170
0 0.494360 0.350254 0.058094 0.072194
0 0.547659 0.404963 0.050761 0.042865
0 0.540327 0.309927 0.056402 0.043429
0 0.421038 0.380993 0.041173 0.026509
0 0.455725 0.448111 0.056402 0.065990
0 0.489002 0.496898 0.031585 0.040609
0 0.406373 0.534123 0.042301 0.053017
0 0.512972 0.558376 0.046813 0.051889
0 0.596729 0.604625 0.050761 0.063170
0 0.306825 0.638184 0.027073 0.044557
