0 0.300902 0.036661 0.050197 0.051889
0 0.180767 0.064862 0.049069 0.055274
0 0.306825 0.134518 0.050761 0.043429
0 0.350254 0.187817 0.058658 0.058658
0 0.384377 0.277778 0.050197 0.054710
0 0.307671 0.272702 0.062606 0.062606
0 0.282008 0.181613 0.050761 0.048505
0 0.246193 0.220248 0.062606 0.056966
0 0.386915 0.233221 0.036097 0.032149
0 0.391709 0.189227 0.029893 0.049069
0 0.512690 0.077834 0.045121 0.043993
0 0.449239 0.100113 0.037789 0.026509
0 0.483362 0.144952 0.036097 0.031585
0 0.164129 0.127186 0.030457 0.035533
0 0.210660 0.096165 0.026509 0.027637
0 0.827411 0.018049 0.040609 0.031585
0 0.860124 0.035815 0.032713 0.034405
0 0.798082 0.090807 0.038353 0.041737
0 0.773830 0.045685 0.029329 0.039481
0 0.447265 0.556402 0.037225 0.036661
0 0.476311 0.531585 0.034405 0.036661
0 0.570220 0.628032 0.038353 0.042301
0 0.655950 0.402143 0.050761 0.037225
0 0.718556 0.432036 0.043993 0.042865
0 0.746475 0.439086 0.025381 0.038917
0 0.734631 0.494924 0.041173 0.051325
0 0.673717 0.507050 0.036661 0.032713
0 0.661309 0.540327 0.046813 0.046249
0 0.610829 0.454033 0.048505 0.045121
0 0.613931 0.486182 0.035533 0.019177
0 0.628878 0.807671 0.060914 0.062042
0 0.617879 0.852510 0.042301 0.040045
0 0.581500 0.898195 0.065426 0.060350
0 0.549633 0.818387 0.072758 0.073322
0 0.573886 0.723350 0.056966 0.058094
0 0.514100 0.706430 0.054710 0.052453
0 0.481951 0.810773 0.056966 0.061478
0 0.036097 0.681613 0.049633 0.041173
0 0.026509 0.729272 0.048505 0.046249
0 0.038917 0.773548 0.055274 0.051325
