0 0.286802 0.013818 0.029893 0.026509
0 0.285110 0.066554 0.020869 0.025945
0 0.253807 0.056684 0.025945 0.029893
0 0.218838 0.055838 0.025945 0.025945
0 0.169205 0.074450 0.028201 0.020305
0 0.174281 0.102087 0.024817 0.022561
0 0.186971 0.176537 0.018613 0.018049
0 0.102651 0.145516 0.021433 0.021433
0 0.075578 0.143260 0.021433 0.022561
0 0.109983 0.122955 0.007896 0.013536
0 0.096447 0.124365 0.020305 0.012972
0 0.060068 0.186971 0.036661 0.043429
0 0.091935 0.217146 0.027073 0.028201
0 0.038353 0.139594 0.031585 0.024253
0 0.026791 0.157642 0.038917 0.031021
0 0.021151 0.186407 0.041173 0.033277
0 0.011562 0.134518 0.018613 0.018613
0 0.163565 0.212352 0.024817 0.019741
0 0.174845 0.237451 0.039481 0.033841
0 0.218838 0.239989 0.031585 0.027637
0 0.211788 0.295826 0.034405 0.035533
0 0.181331 0.305979 0.025381 0.020869
0 0.161309 0.282008 0.034969 0.024817
0 0.134518 0.252397 0.040045 0.028765
0 0.148054 0.305979 0.035533 0.034405
0 0.125494 0.304005 0.018613 0.020305
0 0.150310 0.393119 0.026509 0.031585
0 0.092217 0.288212 0.036661 0.031585
0 0.078680 0.319233 0.032149 0.028201
0 0.063170 0.302030 0.021433 0.027637
0 0.018331 0.320079 0.031021 0.032149
0 0.363226 0.044839 0.024817 0.020869
0 0.411450 0.106035 0.020869 0.019177
0 0.386351 0.148336 0.024817 0.019177
0 0.709250 0.048787 0.043429 0.041173
0 0.719120 0.019177 0.043993 0.037225
0 0.747321 0.068246 0.028201 0.034969
0 0.776650 0.052735 0.036097 0.037789
0 0.773266 0.094755 0.030457 0.040609
0 0.661591 0.042301 0.043993 0.036097
0 0.686971 0.084320 0.034969 0.028765
0 0.631134 0.091935 0.040609 0.025945
0 0.633390 0.116751 0.039481 0.027073
0 0.620135 0.142978 0.056966 0.040045
0 0.636210 0.188945 0.057530 0.057530
0 0.637338 0.254371 0.054146 0.046249
0 0.731810 0.253243 0.028765 0.032713
0 0.708686 0.261421 0.026509 0.024253
0 0.588550 0.151156 0.027637 0.043993
0 0.542865 0.165821 0.063734 0.069938
0 0.553864 0.247885 0.064298 0.063734
0 0.521715 0.232657 0.039481 0.056966
0 0.491258 0.224760 0.038353 0.053582
0 0.485900 0.188663 0.029893 0.021997
0 0.481105 0.262267 0.040609 0.016920
0 0.489284 0.302030 0.046813 0.043429
0 0.639876 0.358432 0.025381 0.033277
0 0.727016 0.408347 0.045121 0.039481
0 0.542301 0.467569 0.043429 0.040609
0 0.495488 0.450367 0.046813 0.040045
0 0.472363 0.461647 0.028765 0.032149
0 0.430908 0.445008 0.039481 0.033841
0 0.438522 0.472363 0.047941 0.042301
0 0.618161 0.505922 0.049633 0.025945
0 0.643260 0.576424 0.028765 0.042865
0 0.545403 0.466441 0.037225 0.041737
0 0.540045 0.519459 0.033277 0.036097
0 0.503666 0.530457 0.037225 0.042301
0 0.472363 0.577834 0.050197 0.051325
0 0.439650 0.532995 0.038917 0.042865
0 0.406091 0.485054 0.025945 0.032713
0 0.400169 0.547095 0.042301 0.046249
0 0.317541 0.571630 0.032713 0.034405
0 0.279752 0.582064 0.038353 0.036097
0 0.276368 0.615905 0.032713 0.031585
0 0.337281 0.839820 0.021433 0.030457
0 0.360970 0.866046 0.027073 0.026509
0 0.326565 0.860406 0.022561 0.019741
0 0.315567 0.824027 0.019741 0.020305
0 0.484490 0.854766 0.030457 0.035533
0 0.521997 0.857304 0.042301 0.041737
0 0.528201 0.891427 0.043429 0.043429
0 0.579244 0.930344 0.049633 0.054710
0 0.464749 0.928934 0.057530 0.058658
0 0.423576 0.905245 0.034969 0.045121
0 0.529329 0.982516 0.047941 0.034969
0 0.451777 0.981387 0.045121 0.034969
0 0.570220 0.989566 0.032713 0.020869
0 0.061478 0.596447 0.030457 0.028765
0 0.009306 0.618725 0.015228 0.038353
0 0.032713 0.569938 0.040609 0.032149
0 0.023689 0.536661 0.034969 0.031021
0 0.901579 0.213480 0.026509 0.023125
0 0.831923 0.082346 0.022561 0.031585
0 0.877891 0.052171 0.024253 0.026509
0 0.923858 0.084602 0.023689 0.024817
0 0.990130 0.102087 0.016356 0.029329
0 0.946418 0.068810 0.020305 0.016920
0 0.956853 0.084038 0.016356 0.020305
0 0.970953 0.057248 0.027637 0.025381
0 0.990976 0.067400 0.014664 0.024253
0 0.773830 0.166385 0.021433 0.023689
0 0.932036 0.979977 0.047941 0.036661
0 0.966159 0.954033 0.040609 0.028765
0 0.987592 0.984208 0.021433 0.031585
