0 0.377327 0.023689 0.062042 0.042865
0 0.463057 0.045403 0.028201 0.034405
0 0.645516 0.119289 0.026509 0.033277
0 0.514664 0.218556 0.070502 0.064862
0 0.632826 0.239707 0.103779 0.083474
0 0.637056 0.302594 0.078398 0.043429
0 0.706430 0.348280 0.073886 0.073886
0 0.730682 0.430344 0.036661 0.032713
0 0.459109 0.351664 0.086858 0.089679
0 0.385787 0.498590 0.083474 0.084602
0 0.470389 0.137338 0.032713 0.023125
0 0.660462 0.412578 0.034969 0.024253
0 0.630006 0.883531 0.045121 0.041173
0 0.396221 0.700790 0.037789 0.031021
