0 0.300620 0.014382 0.059786 0.025381 
0 0.461929 0.072476 0.049633 0.052453 
0 0.243655 0.110547 0.057530 0.034969 
0 0.194585 0.179921 0.038353 0.045121 
0 0.544557 0.163565 0.069374 0.077834 
0 0.459391 0.201636 0.071630 0.086294 
0 0.517484 0.263113 0.060350 0.058094 
0 0.599549 0.293288 0.078962 0.076706 
0 0.720530 0.299210 0.060350 0.077270 
0 0.679075 0.307389 0.040609 0.066554 
0 0.930344 0.276086 0.059222 0.064862 
0 0.029047 0.383249 0.050197 0.055838 
0 0.095883 0.462775 0.057530 0.044557 
0 0.025663 0.447829 0.043429 0.046249 
0 0.051043 0.567400 0.046813 0.033841 
0 0.010434 0.564016 0.019741 0.045121 
0 0.161309 0.595601 0.032713 0.036097 
0 0.055556 0.694867 0.029893 0.037225 
0 0.441060 0.771292 0.029329 0.036661 
0 0.603779 0.614495 0.073886 0.043429 
0 0.631980 0.564298 0.065990 0.045685 
0 0.858432 0.775522 0.036097 0.051889 
0 0.769600 0.768190 0.038917 0.048505 
0 0.761985 0.037789 0.056402 0.051889 
