0 0.154822 0.016920 0.045685 0.030457
0 0.160180 0.046813 0.032713 0.027073
0 0.175691 0.064580 0.028765 0.026509
0 0.219684 0.086858 0.029893 0.031585
0 0.343486 0.037507 0.054146 0.067118
0 0.337281 0.074168 0.039481 0.043429
0 0.420192 0.032431 0.040609 0.053582
0 0.406091 0.091935 0.040609 0.051889
0 0.474901 0.098985 0.042865 0.054710
0 0.516356 0.161591 0.040045 0.047941
0 0.604343 0.108573 0.043429 0.058094
0 0.251833 0.401015 0.043429 0.046249
0 0.323181 0.407501 0.045121 0.047941
0 0.542583 0.428652 0.067682 0.081218
0 0.616187 0.452905 0.076142 0.075578
0 0.494078 0.475465 0.060914 0.051889
0 0.518895 0.521715 0.054146 0.049633
0 0.606317 0.522843 0.062042 0.049633
0 0.678229 0.571912 0.034405 0.038353
0 0.868584 0.455161 0.046249 0.053017
0 0.527637 0.770446 0.049069 0.043993
0 0.071348 0.670615 0.035533 0.027073
0 0.078398 0.707840 0.031585 0.036097
0 0.040327 0.794980 0.049069 0.055838
0 0.081500 0.799210 0.037789 0.055274
0 0.044839 0.746475 0.046813 0.032149
0 0.020305 0.725324 0.031585 0.037225
0 0.808517 0.652848 0.032149 0.046813
0 0.865200 0.620135 0.029329 0.034405
0 0.837845 0.618161 0.026509 0.031585
0 0.549351 0.967851 0.041737 0.045121
0 0.617879 0.963057 0.055838 0.049069
