0 0.206712 0.078116 0.021997 0.024253
0 0.202482 0.054992 0.023689 0.017484
0 0.173999 0.043993 0.031021 0.023689
0 0.161873 0.076424 0.022561 0.024253
0 0.142978 0.062324 0.024253 0.026509
0 0.088550 0.143260 0.013536 0.018049
0 0.063734 0.150028 0.025945 0.021433
0 0.053299 0.129442 0.019741 0.019741
0 0.037225 0.150592 0.015792 0.021433
0 0.023125 0.066272 0.020305 0.016356
0 0.018331 0.044557 0.011844 0.012408
0 0.296390 0.033277 0.024253 0.019177
0 0.315567 0.048505 0.018613 0.020305
0 0.289340 0.071912 0.014664 0.017484
0 0.280034 0.049351 0.018613 0.017484
0 0.481669 0.055274 0.018049 0.015792
0 0.451213 0.054710 0.019177 0.018049
0 0.468133 0.039763 0.014664 0.016356
0 0.522843 0.014100 0.020305 0.023689
0 0.543147 0.008178 0.012408 0.015228
0 0.575296 0.011562 0.019177 0.012972
0 0.489848 0.009870 0.019741 0.018613
0 0.489284 0.032431 0.016356 0.016356
0 0.615341 0.086012 0.023689 0.023125
0 0.635082 0.072194 0.015792 0.021433
0 0.651156 0.076706 0.012972 0.020305
0 0.666667 0.092217 0.022561 0.021997
0 0.692611 0.080654 0.020305 0.023689
0 0.717710 0.099549 0.020869 0.014100
0 0.704456 0.107445 0.023689 0.023125
0 0.664411 0.132262 0.023689 0.020869
0 0.753525 0.115059 0.021433 0.016920
0 0.779470 0.128032 0.020305 0.019177
0 0.760293 0.135646 0.019177 0.020869
0 0.739707 0.139594 0.017484 0.015228
0 0.913988 0.176255 0.021997 0.019741
0 0.891145 0.191765 0.022561 0.018049
0 0.875353 0.210660 0.023689 0.017484
0 0.864636 0.190637 0.020305 0.019177
0 0.875353 0.171179 0.022561 0.015228
0 0.869712 0.158770 0.025945 0.023125
0 0.839820 0.185279 0.020305 0.019741
0 0.844896 0.165821 0.021433 0.020305
0 0.849126 0.227016 0.025381 0.015228
0 0.858996 0.286520 0.025945 0.029329
0 0.868302 0.267061 0.025381 0.018613
0 0.847434 0.256909 0.017484 0.019741
0 0.819797 0.233785 0.026509 0.018613
0 0.821489 0.258319 0.028765 0.030457
0 0.787648 0.281726 0.024253 0.020869
0 0.812183 0.304569 0.021433 0.016920
0 0.842640 0.308235 0.020305 0.016356
0 0.781162 0.306825 0.027073 0.019177
0 0.787084 0.246757 0.034405 0.026509
0 0.778060 0.338691 0.023125 0.023125
0 0.798646 0.369430 0.019177 0.019177
0 0.764523 0.359842 0.032149 0.023689
0 0.734913 0.358432 0.027073 0.018613
0 0.732657 0.380711 0.022561 0.022561
0 0.730682 0.334743 0.020869 0.019741
0 0.754935 0.333615 0.021997 0.019741
0 0.858432 0.461647 0.037225 0.032149
0 0.901015 0.473209 0.034405 0.031585
0 0.887761 0.437112 0.039481 0.038353
0 0.861816 0.417090 0.028201 0.019741
0 0.837281 0.429216 0.033277 0.030457
0 0.866892 0.494078 0.021433 0.021433
0 0.732375 0.499154 0.032149 0.029329
0 0.693175 0.460237 0.039481 0.033841
0 0.635646 0.479413 0.031585 0.024817
0 0.609137 0.258601 0.037225 0.034405
0 0.641286 0.254935 0.032713 0.033841
0 0.646080 0.293852 0.031021 0.029329
0 0.611957 0.293570 0.032713 0.029893
0 0.582064 0.277778 0.023689 0.028765
0 0.558658 0.277214 0.021997 0.031021
0 0.571630 0.305697 0.029893 0.021433
0 0.567400 0.320079 0.039481 0.021997
0 0.561760 0.355048 0.025945 0.031021
0 0.537507 0.329385 0.027073 0.028201
0 0.498308 0.285392 0.016356 0.020305
0 0.494642 0.316695 0.013536 0.020869
0 0.469825 0.301748 0.022561 0.028201
0 0.467569 0.277496 0.023689 0.019177
0 0.448675 0.290750 0.015228 0.020869
0 0.401015 0.361816 0.030457 0.025381
0 0.423294 0.350536 0.021997 0.023125
0 0.410886 0.315849 0.016356 0.021433
0 0.430908 0.325719 0.021433 0.023125
0 0.394529 0.285392 0.027637 0.025945
0 0.373096 0.261703 0.025381 0.022561
0 0.357868 0.274112 0.027637 0.029329
0 0.373096 0.314439 0.028765 0.026509
0 0.343768 0.309081 0.027637 0.030457
0 0.315849 0.261985 0.037225 0.028765
0 0.266215 0.313875 0.034969 0.035533
0 0.282290 0.283982 0.040045 0.033277
0 0.325437 0.214326 0.033841 0.027073
0 0.304851 0.192047 0.031021 0.027637
0 0.271574 0.241117 0.021997 0.021997
0 0.264805 0.213762 0.029893 0.027073
0 0.258319 0.175691 0.028201 0.025381
0 0.277496 0.172871 0.021433 0.025381
0 0.236323 0.196842 0.028201 0.023689
0 0.341230 0.271856 0.011280 0.032713
0 0.183023 0.212352 0.050197 0.042301
0 0.178793 0.253807 0.046249 0.040609
0 0.128314 0.227862 0.044557 0.048505
0 0.144106 0.210942 0.036661 0.031585
0 0.098421 0.219684 0.041173 0.047941
0 0.111111 0.301184 0.045121 0.034969
0 0.067682 0.271010 0.051889 0.042301
0 0.018049 0.280316 0.028201 0.029329
0 0.545403 0.237733 0.029329 0.032149
0 0.514100 0.238015 0.023125 0.025945
0 0.503384 0.252961 0.023125 0.020869
0 0.484772 0.255499 0.016356 0.019177
0 0.379301 0.391709 0.036661 0.027637
0 0.308799 0.652284 0.068246 0.063734
0 0.260011 0.642696 0.032713 0.032149
0 0.402425 0.688381 0.060350 0.059222
0 0.344332 0.522279 0.055838 0.063170
0 0.426960 0.579244 0.042865 0.036097
0 0.374788 0.565144 0.060350 0.064298
0 0.347152 0.518613 0.060350 0.044557
0 0.289904 0.536097 0.046249 0.033277
0 0.273830 0.580654 0.067118 0.063734
0 0.211506 0.684997 0.031585 0.026509
0 0.548787 0.764523 0.048505 0.046813
0 0.598139 0.762831 0.032149 0.042301
0 0.659334 0.694303 0.051889 0.045121
0 0.564016 0.694303 0.043993 0.047377
0 0.593627 0.641568 0.054710 0.050197
0 0.654540 0.636774 0.046813 0.040609
0 0.688099 0.651438 0.027073 0.037225
0 0.535251 0.687253 0.013536 0.032149
0 0.535251 0.644952 0.043993 0.043429
0 0.588550 0.601523 0.047941 0.036661
0 0.934292 0.921038 0.037789 0.037225
0 0.968697 0.892555 0.026509 0.036661
0 0.941624 0.871968 0.043429 0.042865
0 0.984772 0.859278 0.030457 0.045685
0 0.926960 0.812747 0.049069 0.038353
0 0.965313 0.797236 0.033277 0.031021
0 0.988720 0.812465 0.018049 0.041173
0 0.951213 0.772420 0.025381 0.021997
0 0.977721 0.758883 0.037789 0.031021
0 0.937676 0.749859 0.027637 0.020869
0 0.892555 0.747039 0.027637 0.023125
0 0.851382 0.783982 0.036661 0.029329
0 0.849408 0.731810 0.034969 0.032149
0 0.841230 0.690073 0.029893 0.027637
0 0.891709 0.712352 0.037225 0.030457
0 0.982798 0.603497 0.020869 0.022561
0 0.976311 0.579808 0.024817 0.020305
0 0.568810 0.521151 0.043429 0.045121
0 0.508742 0.494360 0.041737 0.047941
0 0.456007 0.490412 0.028765 0.032149
0 0.568246 0.477721 0.035533 0.031585
0 0.534405 0.453751 0.052453 0.051325
0 0.507050 0.434574 0.033841 0.032149
0 0.475747 0.453187 0.036661 0.036661
