0 0.232092 0.226170 0.058094 0.059786
0 0.310773 0.332205 0.138748 0.131980
0 0.195995 0.272420 0.051325 0.042865
0 0.142414 0.298928 0.071630 0.072194
0 0.319515 0.433446 0.086294 0.079526
0 0.238015 0.456571 0.092499 0.099831
0 0.296108 0.513818 0.056402 0.032713
0 0.242527 0.519459 0.041737 0.022561
0 0.414270 0.454033 0.033277 0.037225
0 0.388043 0.468979 0.024817 0.032149
0 0.339538 0.493232 0.059786 0.040045
0 0.384941 0.604625 0.054710 0.064298
0 0.464185 0.636774 0.043993 0.046249
0 0.173999 0.652566 0.058094 0.047377
0 0.084884 0.637056 0.067118 0.085166
0 0.042301 0.578116 0.048505 0.038353
0 0.032149 0.421884 0.047377 0.043993
0 0.057812 0.499436 0.035533 0.045685
0 0.023125 0.465595 0.038353 0.035533
0 0.308517 0.829667 0.049633 0.058658
0 0.582910 0.302312 0.034405 0.030457
0 0.550761 0.285674 0.044557 0.029893
0 0.621263 0.386633 0.070502 0.063734
0 0.709814 0.401297 0.103215 0.098703
0 0.747885 0.442188 0.053017 0.045121
0 0.849690 0.430062 0.054710 0.046813
0 0.925832 0.426678 0.064862 0.072758
0 0.981387 0.525945 0.037225 0.031021
0 0.861252 0.566272 0.040609 0.040609
0 0.812747 0.521433 0.076706 0.076142
0 0.814157 0.600677 0.034405 0.023689
0 0.662437 0.491258 0.086294 0.082346
0 0.678793 0.710942 0.089679 0.094191
0 0.741681 0.710942 0.034969 0.071630
0 0.772138 0.749295 0.039481 0.037789
0 0.609419 0.606881 0.059222 0.045121
0 0.618161 0.954033 0.047377 0.053582
