0 0.079526 0.021151 0.030457 0.034405
0 0.134800 0.038635 0.040609 0.050197
0 0.060914 0.060914 0.045121 0.045121
0 0.115905 0.082628 0.027637 0.026509
0 0.176819 0.211788 0.038917 0.033277
0 0.172589 0.108009 0.031585 0.023125
0 0.286802 0.280880 0.034405 0.036097
0 0.633672 0.226170 0.081782 0.110547
0 0.697688 0.300338 0.078962 0.082910
0 0.723350 0.357304 0.077270 0.073886
0 0.533841 0.283982 0.071630 0.087422
0 0.476875 0.340948 0.056966 0.061478
0 0.482798 0.480259 0.047377 0.068246
0 0.577552 0.512972 0.053017 0.072758
0 0.607163 0.545121 0.042301 0.055838
0 0.240835 0.502256 0.067682 0.051325
0 0.169205 0.489002 0.060914 0.043993
0 0.106035 0.590243 0.058658 0.051325
0 0.012690 0.459109 0.023125 0.034969
0 0.541737 0.724196 0.060350 0.056402
0 0.448393 0.793006 0.062042 0.086858
0 0.499436 0.860688 0.058094 0.074450
0 0.410886 0.851100 0.054710 0.082346
0 0.340384 0.818105 0.052453 0.062606
0 0.327975 0.753807 0.056966 0.068246
0 0.842358 0.985900 0.085166 0.028201
0 0.705866 0.976875 0.069374 0.043993
0 0.658488 0.926114 0.060350 0.043993
0 0.915962 0.987310 0.055274 0.025381
0 0.967005 0.985336 0.037789 0.029329
