0 0.093627 0.190637 0.019177 0.029329
0 0.193457 0.036943 0.031585 0.024253
0 0.175127 0.010998 0.031021 0.018613
0 0.062606 0.099831 0.023689 0.025945
0 0.573322 0.273830 0.086294 0.109983
0 0.660180 0.348562 0.081782 0.100395
0 0.696560 0.498872 0.069938 0.082910
0 0.654258 0.589679 0.055274 0.059222
0 0.479131 0.589961 0.084038 0.104907
0 0.550479 0.654540 0.062042 0.076142
0 0.515792 0.335871 0.087422 0.103215
0 0.138748 0.360124 0.068810 0.067118
0 0.108009 0.431754 0.041173 0.055838
0 0.589114 0.765933 0.045685 0.055274
0 0.498590 0.756909 0.054146 0.050761
