0 0.033277 0.049915 0.050761 0.052453
0 0.092781 0.041173 0.035533 0.038353
0 0.073040 0.010434 0.050197 0.019741
0 0.058376 0.119853 0.032149 0.042301
0 0.236323 0.066836 0.080090 0.068246
0 0.191483 0.093627 0.033277 0.038353
0 0.340666 0.023407 0.060914 0.042301
0 0.333051 0.116751 0.059222 0.073322
0 0.230118 0.190355 0.056402 0.068246
0 0.279470 0.195713 0.040045 0.051889
0 0.508742 0.070220 0.072194 0.069374
0 0.479977 0.184433 0.053017 0.063170
0 0.527073 0.317823 0.049069 0.042301
0 0.303440 0.278060 0.041737 0.031585
0 0.087422 0.461647 0.034969 0.037789
0 0.158488 0.468415 0.037225 0.029893
0 0.259729 0.579808 0.036661 0.033841
0 0.421320 0.468697 0.090243 0.094755
0 0.306825 0.487028 0.111675 0.080654
0 0.475747 0.519177 0.084038 0.079526
0 0.399887 0.657924 0.084602 0.089679
0 0.522843 0.648900 0.087986 0.091935
0 0.630570 0.595601 0.081218 0.083474
0 0.708404 0.703328 0.074450 0.076706
0 0.924422 0.865482 0.099267 0.085166
0 0.965877 0.836435 0.061478 0.064298
0 0.802594 0.945290 0.116187 0.107163
0 0.864072 0.918500 0.047377 0.061478
0 0.677101 0.951495 0.088550 0.080090
0 0.617879 0.963903 0.032149 0.046249
