0 0.557812 0.015228 0.039481 0.027073 
0 0.591371 0.037789 0.034405 0.041737 
0 0.589961 0.069092 0.024817 0.017484 
0 0.630006 0.095883 0.030457 0.045121 
0 0.589679 0.174281 0.035533 0.027073 
0 0.608855 0.146926 0.044557 0.031021 
0 0.695149 0.148618 0.032149 0.028765 
0 0.685843 0.032995 0.043993 0.047941 
0 0.943316 0.014946 0.051325 0.026509 
0 0.552171 0.556684 0.046249 0.043993 
0 0.370840 0.393119 0.076142 0.073322 
0 0.438240 0.399887 0.046249 0.055274 
0 0.462493 0.426678 0.018049 0.032149 
0 0.491540 0.414552 0.028765 0.032713 
0 0.417654 0.506486 0.054710 0.054146 
0 0.321489 0.493514 0.063170 0.065426 
0 0.913988 0.558376 0.059222 0.041737 
0 0.904963 0.732092 0.062606 0.051889 
0 0.905809 0.790750 0.065426 0.060914 
0 0.938804 0.841794 0.045685 0.040045 
0 0.665539 0.874788 0.045121 0.039481 
0 0.189791 0.487028 0.035533 0.028765 
0 0.155386 0.404963 0.042301 0.033841 
0 0.013254 0.472363 0.020869 0.035533 
0 0.032149 0.497180 0.032713 0.025381 
0 0.015510 0.532149 0.029893 0.028765 
0 0.062042 0.560914 0.036097 0.035533 
0 0.144670 0.875071 0.054710 0.058094 
0 0.161027 0.912860 0.026509 0.028765 
0 0.857586 0.562606 0.037789 0.029893 
0 0.168077 0.461647 0.020305 0.024253 
