0 0.627072 0.803867 0.104972 0.116022
0 0.574586 0.864641 0.0883978 0.0939227
0 0.425414 0.748619 0.121547 0.127072
0 0.533149 0.70442 0.104972 0.116022
0 0.364641 0.627072 0.121547 0.116022
0 0.472376 0.524862 0.116022 0.110497
0 0.259669 0.480663 0.110497 0.110497
0 0.107735 0.837017 0.0828729 0.104972
0 0.19337 0.928177 0.0662983 0.0773481
0 0.314917 0.762431 0.0883978 0.0994475
0 0.856354 0.39779 0.110497 0.0994475
0 0.91989 0.348066 0.0828729 0.0883978
0 0.754144 0.254144 0.104972 0.0994475
0 0.837017 0.262431 0.0828729 0.0828729
