0 0.265 0.825 0.05 0.0566667
0 0.303333 0.813333 0.0533333 0.0666667
0 0.335 0.778333 0.05 0.0566667
0 0.37 0.9 0.0533333 0.06
0 0.668333 0.846667 0.05 0.0666667
0 0.848333 0.778333 0.0566667 0.07
0 0.801667 0.753333 0.0633333 0.06
0 0.8 0.795 0.06 0.07
0 0.766667 0.808333 0.0466667 0.05
0 0.636667 0.831667 0.0466667 0.05
0 0.701667 0.815 0.0566667 0.0633333
0 0.633333 0.926667 0.0466667 0.04
0 0.67 0.9 0.04 0.0533333
0 0.58 0.101667 0.0533333 0.05
0 0.578333 0.153333 0.0633333 0.0733333
0 0.523333 0.185 0.0733333 0.07
0 0.618333 0.17 0.0566667 0.0533333
0 0.63 0.213333 0.0666667 0.0733333
0 0.561667 0.336667 0.0633333 0.06
0 0.561667 0.43 0.0566667 0.06
0 0.736667 0.405 0.0666667 0.0833333
0 0.715 0.493333 0.0566667 0.0533333
0 0.65 0.535 0.06 0.05
0 0.62 0.545 0.06 0.0566667
