0 0.373333 0.0483333 0.12 0.0966667
0 0.87 0.0266667 0.0866667 0.0533333
0 0.503333 0.138333 0.08 0.0833333
0 0.546667 0.263333 0.0866667 0.113333
0 0.831667 0.34 0.09 0.1
0 0.948333 0.438333 0.103333 0.103333
0 0.505 0.34 0.0966667 0.1
0 0.436667 0.388333 0.0933333 0.09
0 0.475 0.481667 0.09 0.0966667
0 0.378333 0.511667 0.0966667 0.0966667
0 0.261667 0.29 0.07 0.0733333
0 0.166667 0.34 0.1 0.0733333
0 0.123333 0.371667 0.0733333 0.0766667
0 0.05 0.261667 0.08 0.0766667
0 0.0266667 0.688333 0.0533333 0.0833333
0 0.0283333 0.573333 0.0566667 0.06
0 0.363333 0.71 0.106667 0.106667
0 0.92 0.645 0.0866667 0.09
0 0.813333 0.606667 0.0733333 0.0733333
0 0.888333 0.718333 0.0633333 0.0833333
0 0.833333 0.686667 0.0733333 0.0733333
0 0.623333 0.855 0.06 0.07
0 0.563333 0.863333 0.0933333 0.08
0 0.561667 0.945 0.116667 0.11
0 0.483333 0.881667 0.0466667 0.0633333
0 0.505 0.795 0.07 0.0633333
0 0.27 0.933333 0.0866667 0.0933333
0 0.175 0.943333 0.116667 0.106667
0 0.151667 0.815 0.11 0.11
