0 0.3075 0.165 0.115 0.25
0 0.3075 0.425 0.125 0.25
0 0.3625 0.73 0.115 0.26
0 0.25 0.65 0.12 0.2
0 0.15 0.59 0.12 0.24
0 0.1525 0.715 0.105 0.17
0 0.1825 0.845 0.105 0.23
0 0.4525 0.265 0.065 0.15
0 0.7975 0.145 0.105 0.25
0 0.8625 0.14 0.095 0.24
0 0.9675 0.315 0.065 0.23
0 0.915 0.44 0.06 0.16
0 0.835 0.395 0.11 0.25
0 0.7375 0.255 0.095 0.23
0 0.7325 0.475 0.085 0.27
0 0.65 0.475 0.11 0.25
0 0.5675 0.52 0.095 0.26
0 0.6225 0.585 0.075 0.25
0 0.6675 0.89 0.105 0.22
0 0.765 0.885 0.1 0.23
0 0.8225 0.725 0.105 0.27
0 0.9225 0.7 0.105 0.26
0 0.9675 0.88 0.065 0.22
