0 0.496711 0.690058 0.118421 0.233918
0 0.608553 0.821637 0.125 0.239766
0 0.717105 0.669591 0.125 0.22807
0 0.824013 0.608187 0.0953947 0.128655
0 0.136513 0.830409 0.128289 0.233918
0 0.0559211 0.859649 0.0789474 0.128655
0 0.154605 0.672515 0.0592105 0.116959
0 0.210526 0.900585 0.0723684 0.152047
0 0.133224 0.95614 0.0888158 0.0877193
0 0.0444079 0.274854 0.0888158 0.175439
0 0.100329 0.350877 0.0625 0.128655
0 0.199013 0.385965 0.0756579 0.140351
0 0.337171 0.131579 0.0888158 0.181287
0 0.888158 0.0964912 0.0789474 0.134503
0 0.0394737 0.0614035 0.0789474 0.122807
