0 0.166667 0.197222 0.1 0.127778
0 0.269444 0.208333 0.0944444 0.15
0 0.361111 0.166667 0.0888889 0.133333
0 0.319444 0.0722222 0.0833333 0.0888889
0 0.4 0.0555556 0.111111 0.111111
0 0.538889 0.0416667 0.0888889 0.0833333
0 0.608333 0.0972222 0.0944444 0.138889
0 0.705556 0.147222 0.0666667 0.138889
0 0.302778 0.566667 0.116667 0.2
0 0.247222 0.491667 0.116667 0.161111
0 0.0611111 0.286111 0.0888889 0.127778
0 0.138889 0.311111 0.1 0.122222
0 0.236111 0.316667 0.116667 0.133333
0 0.325 0.336111 0.0944444 0.127778
0 0.394444 0.408333 0.0888889 0.138889
0 0.461111 0.297222 0.1 0.15
0 0.522222 0.238889 0.1 0.133333
0 0.583333 0.280556 0.0888889 0.15
0 0.758333 0.283333 0.0944444 0.122222
0 0.783333 0.111111 0.0888889 0.166667
0 0.830556 0.172222 0.0833333 0.133333
0 0.872222 0.344444 0.1 0.133333
0 0.944444 0.438889 0.0666667 0.1
0 0.794444 0.544444 0.0777778 0.166667
0 0.775 0.647222 0.116667 0.116667
0 0.9 0.622222 0.1 0.133333
0 0.7 0.5 0.1 0.122222
0 0.619444 0.461111 0.0944444 0.122222
0 0.633333 0.580556 0.111111 0.127778
0 0.394444 0.577778 0.1 0.133333
0 0.113889 0.591667 0.105556 0.116667
0 0.0416667 0.641667 0.0833333 0.127778
0 0.0444444 0.875 0.0888889 0.138889
0 0.141667 0.786111 0.0833333 0.105556
0 0.127778 0.902778 0.111111 0.138889
0 0.45 0.802778 0.1 0.127778
0 0.519444 0.697222 0.0944444 0.116667
0 0.841667 0.952778 0.105556 0.0944444
0 0.727778 0.825 0.111111 0.127778
0 0.619444 0.852778 0.0944444 0.127778
0 0.541667 0.866667 0.0722222 0.122222
0 0.680556 0.925 0.0722222 0.0833333
