0 0.255556 0.635838 0.0577778 0.104046
0 0.555556 0.774566 0.0622222 0.0809249
0 0.855556 0.656069 0.0488889 0.0751445
0 0.788889 0.442197 0.0666667 0.0635838
0 0.977778 0.618497 0.0444444 0.0693642
0 0.926667 0.606936 0.0666667 0.0693642
0 0.0377778 0.572254 0.04 0.0578035
0 0.0866667 0.263006 0.04 0.0635838
0 0.342222 0.349711 0.0622222 0.0751445
0 0.515556 0.257225 0.0355556 0.0404624
0 0.584444 0.112717 0.0311111 0.0520231
0 0.664444 0.147399 0.0222222 0.0520231
0 0.191111 0.0780347 0.0266667 0.0520231
