0 0.838776 0.966667 0.0938776 0.0666667
0 0.72449 0.769444 0.110204 0.15
0 0.593878 0.797222 0.110204 0.15
0 0.526531 0.897222 0.114286 0.138889
0 0.320408 0.769444 0.102041 0.161111
0 0.397959 0.797222 0.102041 0.161111
0 0.65102 0.530556 0.102041 0.161111
0 0.861224 0.686111 0.0653061 0.0833333
0 0.530612 0.697222 0.0653061 0.0833333
0 0.395918 0.272222 0.0816327 0.111111
0 0.263265 0.247222 0.0938776 0.0944444
0 0.232653 0.133333 0.0897959 0.144444
0 0.240816 0.0444444 0.146939 0.0888889
0 0.326531 0.0805556 0.114286 0.161111
0 0.467347 0.163889 0.102041 0.138889
0 0.585714 0.408333 0.126531 0.172222
