3 0.699346 0.702206 0.0882353 0.159314
3 0.60866 0.503676 0.0866013 0.178922
3 0.66585 0.343137 0.0833333 0.176471
3 0.763072 0.417892 0.0816993 0.17402
3 0.85049 0.366422 0.0931373 0.193627
3 0.900327 0.231618 0.0784314 0.139706
3 0.477941 0.421569 0.0866013 0.181373
3 0.576797 0.6875 0.0686275 0.139706
3 0.628268 0.797794 0.0833333 0.178922
3 0.346405 0.340686 0.0816993 0.156863
3 0.263072 0.351716 0.0718954 0.139706
3 0.193627 0.318627 0.0767974 0.156863
3 0.0947712 0.758578 0.0784314 0.14951
3 0.0531046 0.666667 0.0637255 0.147059
