3 0.220339 0.744444 0.079096 0.0888889
3 0.262712 0.875 0.0847458 0.138889
3 0.282486 0.936111 0.0451977 0.0944444
3 0.353107 0.9 0.0847458 0.155556
3 0.412429 0.952778 0.0451977 0.0944444
3 0.471751 0.947222 0.0508475 0.0611111
3 0.514124 0.722222 0.0564972 0.0777778
3 0.60452 0.811111 0.0564972 0.111111
3 0.663842 0.797222 0.0847458 0.0833333
3 0.545198 0.805556 0.0621469 0.0888889
3 0.754237 0.944444 0.0847458 0.0555556
3 0.853107 0.861111 0.0677966 0.1
3 0.926554 0.805556 0.0564972 0.0888889
3 0.810734 0.786111 0.039548 0.0722222
3 0.870056 0.780556 0.0451977 0.0611111
3 0.254237 0.691667 0.0564972 0.0611111
3 0.211864 0.65 0.039548 0.0555556
3 0.649718 0.713889 0.0451977 0.05
