3 0.752174 0.647222 0.0608696 0.05
3 0.808696 0.647222 0.0521739 0.0388889
3 0.926087 0.727778 0.0434783 0.0333333
3 0.786957 0.955556 0.0608696 0.0444444
3 0.843478 0.980556 0.0521739 0.0388889
3 0.734783 0.986111 0.0434783 0.0277778
3 0.569565 0.894444 0.0608696 0.0444444
3 0.53913 0.863889 0.0521739 0.05
3 0.5 0.905556 0.0608696 0.0333333
3 0.495652 0.858333 0.0347826 0.0388889
3 0.465217 0.866667 0.0608696 0.0555556
3 0.513043 0.811111 0.0347826 0.0555556
3 0.473913 0.797222 0.0434783 0.0388889
3 0.391304 0.827778 0.0521739 0.0444444
3 0.352174 0.825 0.0434783 0.0277778
3 0.152174 0.766667 0.0956522 0.0666667
3 0.0782609 0.733333 0.0521739 0.0444444
3 0.0391304 0.747222 0.0608696 0.0611111
3 0.252174 0.605556 0.0695652 0.0444444
3 0.382609 0.6 0.0521739 0.0333333
3 0.678261 0.666667 0.0521739 0.0444444
3 0.730435 0.602778 0.0347826 0.05
3 0.773913 0.597222 0.0347826 0.0388889
3 0.821739 0.594444 0.026087 0.0333333
3 0.717391 0.361111 0.0434783 0.0444444
3 0.708696 0.313889 0.0608696 0.0277778
3 0.778261 0.288889 0.0608696 0.0222222
3 0.473913 0.519444 0.0608696 0.0388889
3 0.33913 0.536111 0.0521739 0.05
3 0.430435 0.483333 0.0608696 0.0555556
3 0.5 0.475 0.0608696 0.05
3 0.0478261 0.361111 0.0434783 0.0333333
3 0.269565 0.841667 0.0521739 0.0277778
3 0.247826 0.794444 0.0608696 0.0333333
3 0.252174 0.922222 0.0521739 0.0444444
3 0.234783 0.877778 0.0347826 0.0333333
3 0.156522 0.566667 0.0521739 0.0444444
3 0.243478 0.5 0.0521739 0.0444444
3 0.256522 0.45 0.0608696 0.0333333
3 0.0478261 0.311111 0.0434783 0.0444444
3 0.608696 0.327778 0.0521739 0.0333333
3 0.66087 0.366667 0.0347826 0.0333333
